"Country" "LocationYear" "Date" "DOY" "Tx" "Tm" "MeanTt" "Pp" "TTday" "TTday_s" "diff" "SumTTday" "DayCount"
"1" "NZ" "Iversen2_2015" 2015-06-24 175 7.3 -1.8 2.75 10.03173957 3.109 2.75 88.4528787391444 3.109 0
"2" "NZ" "Iversen2_2015" 2015-06-25 176 6.9 -3.9 1.5 10.033705 2.54535 1.5 58.9309918085921 5.65435 1
"3" "NZ" "Iversen2_2015" 2015-06-26 177 12.8 -0.7 6.05 10.03668323 6.09 6.05 99.3431855500821 11.74435 2
"4" "NZ" "Iversen2_2015" 2015-06-27 178 17.4 -1.3 8.05 10.04067231 8.188 8.05 98.314606741573 19.93235 3
"5" "NZ" "Iversen2_2015" 2015-06-28 179 10.3 -1.7 4.3 10.04566961 4.605 4.3 93.3767643865364 24.53735 4
"6" "NZ" "Iversen2_2015" 2015-06-29 180 17.3 3.7 10.5 10.05167184 9.439 10.5 111.240597520924 33.97635 5
"7" "NZ" "Iversen2_2015" 2015-06-30 181 18.5 1.3 9.9 10.05867507 9.3835 9.9 105.504342729259 43.35985 6
"8" "NZ" "Iversen2_2015" 2015-07-01 182 14.7 6.4 10.55 10.06667474 8.867 10.55 118.980489455284 52.22685 7
"9" "NZ" "Iversen2_2015" 2015-07-02 183 12.63 6.54 9.58 10.07566565 7.8891 9.585 121.496748678557 60.11595 8
"10" "NZ" "Iversen2_2015" 2015-07-03 184 13.52 5.67 9.6 10.08564202 8.099 9.595 118.471416224225 68.21495 9
"11" "NZ" "Iversen2_2015" 2015-07-04 185 9.83 4.48 7.15 10.09659743 5.9815 7.155 119.618824709521 74.19645 10
"12" "NZ" "Iversen2_2015" 2015-07-05 186 16.18 2.24 9.21 10.10852491 8.5106 9.21 108.217986980941 82.70705 11
"13" "NZ" "Iversen2_2015" 2015-07-06 187 10.39 0.25 5.32 10.12141691 5.1561 5.32 103.17875913966 87.86315 12
"14" "NZ" "Iversen2_2015" 2015-07-07 188 7.57 -0.62 3.47 10.13526536 3.5481 3.475 97.9397423973394 91.41125 13
"15" "NZ" "Iversen2_2015" 2015-07-08 189 6.99 -0.12 3.44 10.15006163 3.3939 3.435 101.210996199063 94.80515 14
"16" "NZ" "Iversen2_2015" 2015-07-09 190 6.36 2.93 4.64 10.16579661 3.8782 4.645 119.772059202723 98.68335 15
"17" "NZ" "Iversen2_2015" 2015-07-10 191 7.75 -1.47 3.14 10.1824607 3.4153 3.14 91.9392147102743 102.09865 16
"18" "NZ" "Iversen2_2015" 2015-07-11 192 7.42 -3.96 1.73 10.20004383 2.7754475 1.73 62.3322905585496 104.8740975 17
"19" "NZ" "Iversen2_2015" 2015-07-12 193 8 -4.65 1.67 10.21853551 2.93014375 1.675 57.1644309259571 107.80424125 18
"20" "NZ" "Iversen2_2015" 2015-07-13 194 9.76 -3.12 3.32 10.23792482 3.99251 3.32 83.1557090652246 111.79675125 19
"21" "NZ" "Iversen2_2015" 2015-07-14 195 12.05 4.74 8.4 10.25820046 7.1369 8.395 117.628101836932 118.93365125 20
"22" "NZ" "Iversen2_2015" 2015-07-15 196 13.67 8.89 11.28 10.27935076 9.0097 11.28 125.198397282928 127.94335125 21
"23" "NZ" "Iversen2_2015" 2015-07-16 197 10.3 5.33 7.82 10.3013637 6.4328 7.815 121.486755378684 134.37615125 22
"24" "NZ" "Iversen2_2015" 2015-07-17 198 9.71 2.32 6.01 10.32422697 5.3611 6.015 112.197123724609 139.73725125 23
"25" "NZ" "Iversen2_2015" 2015-07-18 199 7.17 3.43 5.3 10.34792794 4.4051 5.3 120.315089328279 144.14235125 24
"26" "NZ" "Iversen2_2015" 2015-07-19 200 9.19 1.07 5.13 10.37245374 4.7813 5.13 107.292995628804 148.92365125 25
"27" "NZ" "Iversen2_2015" 2015-07-20 201 9.06 -0.48 4.29 10.39779124 4.3146 4.29 99.4298428591294 153.23825125 26
"28" "NZ" "Iversen2_2015" 2015-07-21 202 12.51 -0.87 5.82 10.42392711 5.9037 5.82 98.582245032776 159.14195125 27
"29" "NZ" "Iversen2_2015" 2015-07-22 203 14.15 1.64 7.89 10.45084781 7.3599 7.895 107.270479218468 166.50185125 28
"30" "NZ" "Iversen2_2015" 2015-07-23 204 12.15 3.25 7.7 10.47853965 6.7985 7.7 113.260278002501 173.30035125 29
"31" "NZ" "Iversen2_2015" 2015-07-24 205 13.55 3.2 8.37 10.50698881 7.4715 8.375 112.092618617413 180.77185125 30
"32" "NZ" "Iversen2_2015" 2015-07-25 206 11.25 8.67 9.96 10.53618131 7.7667 9.96 128.239792962262 188.53855125 31
"33" "NZ" "Iversen2_2015" 2015-07-26 207 19.25 9.24 14.24 10.56610312 11.64727475 14.245 122.303288157601 200.185826 32
"34" "NZ" "Iversen2_2015" 2015-07-27 208 16.27 5.98 11.12 10.59674011 9.5271 11.125 116.772155220371 209.712926 33
"35" "NZ" "Iversen2_2015" 2015-07-28 209 13.28 4.27 8.78 10.6280781 7.6174 8.775 115.196786305038 217.330326 34
"36" "NZ" "Iversen2_2015" 2015-07-29 210 10.76 2.34 6.55 10.66010288 5.8808 6.55 111.379404162699 223.211126 35
"37" "NZ" "Iversen2_2015" 2015-07-30 211 10.03 -0.93 4.55 10.69280023 4.6729 4.55 97.3699415780351 227.884026 36
"38" "NZ" "Iversen2_2015" 2015-07-31 212 11.54 1.62 6.58 10.72615595 6.0758 6.58 108.298495671352 233.959826 37
"39" "NZ" "Iversen2_2015" 2015-08-01 213 12.51 6.15 9.33 10.76015586 7.7289 9.33 120.715755152738 241.688726 38
"40" "NZ" "Iversen2_2015" 2015-08-02 214 18.2 5.92 12.06 10.7947858 10.4572 12.06 115.327238648969 252.145926 39
"41" "NZ" "Iversen2_2015" 2015-08-03 215 20.25 5.23 12.74 10.83003171 10.9071745 12.74 116.803852363415 263.0531005 40
"42" "NZ" "Iversen2_2015" 2015-08-04 216 18.37 2.98 10.67 10.86587958 9.768325 10.675 109.28178577187 272.8214255 41
"43" "NZ" "Iversen2_2015" 2015-08-05 217 11.35 0.69 6.02 10.90231551 5.7409 6.02 104.861607065094 278.5623255 42
"44" "NZ" "Iversen2_2015" 2015-08-06 218 12.58 0.5 6.54 10.93932569 6.2942 6.54 103.905182549013 284.8565255 43
"45" "NZ" "Iversen2_2015" 2015-08-07 219 10.42 0.27 5.35 10.97689644 5.176 5.345 103.265069551777 290.0325255 44
"46" "NZ" "Iversen2_2015" 2015-08-08 220 8.89 0.91 4.9 11.0150142 4.5927 4.9 106.691053193111 294.6252255 45
"47" "NZ" "Iversen2_2015" 2015-08-09 221 6.13 -1.73 2.2 11.05366557 2.5539 2.2 86.1427620501977 297.1791255 46
"48" "NZ" "Iversen2_2015" 2015-08-10 222 6.91 0.72 3.81 11.09283729 3.5731 3.815 106.770031625199 300.7522255 47
"49" "NZ" "Iversen2_2015" 2015-08-11 223 8.79 -0.2 4.3 11.13251626 4.2551 4.295 100.937698291462 305.0073255 48
"50" "NZ" "Iversen2_2015" 2015-08-12 224 7.67 1.62 4.64 11.17268956 4.1795 4.645 111.137695896638 309.1868255 49
"51" "NZ" "Iversen2_2015" 2015-08-13 225 12.32 5.92 9.12 11.21334444 7.576 9.12 120.380147835269 316.7628255 50
"52" "NZ" "Iversen2_2015" 2015-08-14 226 11.15 9.53 10.34 11.25446833 7.9413 10.34 130.205381990354 324.7041255 51
"53" "NZ" "Iversen2_2015" 2015-08-15 227 12.15 9.61 10.88 11.29604886 8.4521 10.88 128.725405520522 333.1562255 52
"54" "NZ" "Iversen2_2015" 2015-08-16 228 10.2 5 7.6 11.33807385 6.298 7.6 120.673229596697 339.4542255 53
"55" "NZ" "Iversen2_2015" 2015-08-17 229 12.61 1.48 7.04 11.38053132 6.5637 7.045 107.332754391578 346.0179255 54
"56" "NZ" "Iversen2_2015" 2015-08-18 230 15.65 8.2 11.92 11.42340949 9.8005 11.925 121.677465435437 355.8184255 55
"57" "NZ" "Iversen2_2015" 2015-08-19 231 13.45 5.46 9.46 11.46669678 8.0101 9.455 118.038476423515 363.8285255 56
"58" "NZ" "Iversen2_2015" 2015-08-20 232 11.3 0.5 5.9 11.51038183 5.667 5.9 104.111522851597 369.4955255 57
"59" "NZ" "Iversen2_2015" 2015-08-21 233 12.27 -1.84 5.21 11.55445347 5.5339 5.215 94.2373371401724 375.0294255 58
"60" "NZ" "Iversen2_2015" 2015-08-22 234 11.73 1.78 6.76 11.59890074 6.2105 6.755 108.767410031398 381.2399255 59
"61" "NZ" "Iversen2_2015" 2015-08-23 235 15.13 -1.21 6.96 11.64371289 7.0991 6.96 98.0405966953558 388.3390255 60
"62" "NZ" "Iversen2_2015" 2015-08-24 236 14.94 3.12 9.03 11.68887938 8.1318 9.03 111.04552497602 396.4708255 61
"63" "NZ" "Iversen2_2015" 2015-08-25 237 8.79 1.59 5.19 11.73438986 4.7205 5.19 109.945980298697 401.1913255 62
"64" "NZ" "Iversen2_2015" 2015-08-26 238 10.83 1.4 6.12 11.78023418 5.6707 6.115 107.835011550602 406.8620255 63
"65" "NZ" "Iversen2_2015" 2015-08-27 239 11.49 1.04 6.27 11.8264024 5.9005 6.265 106.177442589611 412.7625255 64
"66" "NZ" "Iversen2_2015" 2015-08-28 240 7.42 -0.93 3.24 11.87288476 3.394 3.245 95.6098998232174 416.1565255 65
"67" "NZ" "Iversen2_2015" 2015-08-29 241 12.34 3.85 8.1 11.9196717 7.0476 8.095 114.861796923775 423.2041255 66
"68" "NZ" "Iversen2_2015" 2015-08-30 242 9.16 3.91 6.53 11.96675383 5.505 6.535 118.710263396912 428.7091255 67
"69" "NZ" "Iversen2_2015" 2015-08-31 243 8 4.12 6.06 12.01412194 4.9912 6.06 121.41368809104 433.7003255 68
"70" "NZ" "Iversen2_2015" 2015-09-01 244 9.61 2.72 6.16 12.06176701 5.4161 6.165 113.82729270139 439.1164255 69
"71" "NZ" "Iversen2_2015" 2015-09-02 245 17.03 6.66 11.85 12.10968017 10.0763 11.845 117.553070075325 449.1927255 70
"72" "NZ" "Iversen2_2015" 2015-09-03 246 10.59 5.08 7.83 12.1578527 6.5099 7.835 120.355151384814 455.7026255 71
"73" "NZ" "Iversen2_2015" 2015-09-04 247 9.58 3.7 6.64 12.20627607 5.6562 6.64 117.393302924225 461.3588255 72
"74" "NZ" "Iversen2_2015" 2015-09-05 248 16.11 3.27 9.69 12.25494184 8.7441 9.69 110.817579853844 470.1029255 73
"75" "NZ" "Iversen2_2015" 2015-09-06 249 9.78 1.24 5.51 12.30384176 5.1146 5.51 107.730809838502 475.2175255 74
"76" "NZ" "Iversen2_2015" 2015-09-07 250 10.17 1.64 5.91 12.35296767 5.4097 5.905 109.155775736178 480.6272255 75
"77" "NZ" "Iversen2_2015" 2015-09-08 251 11.37 -1.47 4.95 12.40231155 5.1891 4.95 95.392264554547 485.8163255 76
"78" "NZ" "Iversen2_2015" 2015-09-09 252 12.63 -0.85 5.89 12.45186548 5.9677 5.89 98.6979908507465 491.7840255 77
"79" "NZ" "Iversen2_2015" 2015-09-10 253 19.58 4.48 12.03 12.50162165 10.5523725 12.03 114.002798896646 502.336398 78
"80" "NZ" "Iversen2_2015" 2015-09-11 254 12.05 1.67 6.86 12.55157233 6.3387 6.86 108.224083802672 508.675098 79
"81" "NZ" "Iversen2_2015" 2015-09-12 255 11.86 2.56 7.21 12.60170987 6.477 7.21 111.316967731975 515.152098 80
"82" "NZ" "Iversen2_2015" 2015-09-13 256 12.85 3.33 8.09 12.65202672 7.1623 8.09 112.952543177471 522.314398 81
"83" "NZ" "Iversen2_2015" 2015-09-14 257 11.37 4.56 7.96 12.70251535 6.7569 7.965 117.87950095458 529.071298 82
"84" "NZ" "Iversen2_2015" 2015-09-15 258 21.63 7.27 14.45 12.75316831 11.695588 14.45 123.550863795818 540.766886 83
"85" "NZ" "Iversen2_2015" 2015-09-16 259 21.49 8.94 15.21 12.80397817 12.0421025 15.215 126.348368152488 552.8089885 84
"86" "NZ" "Iversen2_2015" 2015-09-17 260 20.13 9.71 14.92 12.85493754 11.9857895 14.92 124.480744468272 564.794778 85
"87" "NZ" "Iversen2_2015" 2015-09-18 261 16.92 7.22 12.07 12.90603905 10.168 12.07 118.705743509048 574.962778 86
"88" "NZ" "Iversen2_2015" 2015-09-19 262 9.26 5.44 7.35 12.95727533 5.9518 7.35 123.492052824356 580.914578 87
"89" "NZ" "Iversen2_2015" 2015-09-20 263 8.84 4.64 6.74 13.00863898 5.538 6.74 121.704586493319 586.452578 88
"90" "NZ" "Iversen2_2015" 2015-09-21 264 9.29 1.99 5.64 13.06012263 5.0695 5.64 111.253575303284 591.522078 89
"91" "NZ" "Iversen2_2015" 2015-09-22 265 9.73 0.52 5.13 13.11171884 4.9029 5.125 104.529972057354 596.424978 90
"92" "NZ" "Iversen2_2015" 2015-09-23 266 12.2 7.9 10.05 13.16342013 8.032 10.05 125.124501992032 604.456978 91
"93" "NZ" "Iversen2_2015" 2015-09-24 267 10.91 6.33 8.62 13.21521899 6.9917 8.62 123.289042722085 611.448678 92
"94" "NZ" "Iversen2_2015" 2015-09-25 268 11.73 1.94 6.84 13.26710782 6.2521 6.835 109.32326738216 617.700778 93
"95" "NZ" "Iversen2_2015" 2015-09-26 269 11.22 6.13 8.68 13.31907895 7.0916 8.675 122.327824468385 624.792378 94
"96" "NZ" "Iversen2_2015" 2015-09-27 270 11.37 4.01 7.69 13.3711246 6.6139 7.69 116.270279260346 631.406278 95
"97" "NZ" "Iversen2_2015" 2015-09-28 271 12.92 0.47 6.69 13.42323691 6.453 6.695 103.750193708353 637.859278 96
"98" "NZ" "Iversen2_2015" 2015-09-29 272 14.58 8.25 11.41 13.47540788 9.2892 11.415 122.884640227361 647.148478 97
"99" "NZ" "Iversen2_2015" 2015-09-30 273 15.65 8.54 12.1 13.52762939 9.8889 12.095 122.308851338369 657.037378 98
"100" "NZ" "Iversen2_2015" 2015-10-01 274 21.41 8.25 14.83 13.57989316 11.877628 14.83 124.856579108219 668.915006 99
"101" "NZ" "Iversen2_2015" 2015-10-02 275 20.13 4.53 12.33 13.63219077 10.70361 12.33 115.194780078871 679.618616 100
"102" "NZ" "Iversen2_2015" 2015-10-03 276 15.06 5.82 10.44 13.68451362 8.8926 10.44 117.400985088725 688.511216 101
"103" "NZ" "Iversen2_2015" 2015-10-04 277 22.92 12.2 17.56 13.73685293 12.9009 17.56 136.11453464487 701.412116 102
"104" "NZ" "Iversen2_2015" 2015-10-05 278 14.6 8.54 11.57 13.78919971 9.3744 11.57 123.4212322922 710.786516 103
"105" "NZ" "Iversen2_2015" 2015-10-06 279 25.6 6 15.8 13.84154477 11.99798 15.8 131.688834287105 722.784496 104
"106" "NZ" "Iversen2_2015" 2015-10-07 280 25.89 13.47 19.68 13.89387868 13.1930325 19.68 149.169646932955 735.9775285 105
"107" "NZ" "Iversen2_2015" 2015-10-08 281 13.23 4.04 8.64 13.94619181 7.5331 8.635 114.627444212874 743.5106285 106
"108" "NZ" "Iversen2_2015" 2015-10-09 282 15.61 2.74 9.17 13.99847423 8.3613 9.175 109.731740279622 751.8719285 107
"109" "NZ" "Iversen2_2015" 2015-10-10 283 16.73 4.61 10.67 14.05071579 9.3963 10.67 113.555335610826 761.2682285 108
"110" "NZ" "Iversen2_2015" 2015-10-11 284 21.75 6.03 13.89 14.10290603 11.440776 13.89 121.407848558524 772.7090045 109
"111" "NZ" "Iversen2_2015" 2015-10-12 285 23.04 6.71 14.88 14.15503423 11.7900515 14.875 126.165691473019 784.499056 110
"112" "NZ" "Iversen2_2015" 2015-10-13 286 14.41 7.12 10.76 14.20708935 8.9121 10.765 120.790834932283 793.411156 111
"113" "NZ" "Iversen2_2015" 2015-10-14 287 15.1 6.36 10.73 14.25906003 9.0526 10.73 118.529483242383 802.463756 112
"114" "NZ" "Iversen2_2015" 2015-10-15 288 15.15 5.44 10.29 14.31093462 8.8379 10.295 116.486948256939 811.301656 113
"115" "NZ" "Iversen2_2015" 2015-10-16 289 24.9 8.77 16.83 14.36270109 12.47281875 16.835 134.973499875479 823.77447475 114
"116" "NZ" "Iversen2_2015" 2015-10-17 290 20.03 9.06 14.55 14.41434708 11.79965075 14.545 123.266360235281 835.5741255 115
"117" "NZ" "Iversen2_2015" 2015-10-18 291 21.94 6.99 14.46 14.46585989 11.6817725 14.465 123.825386943634 847.255898 116
"118" "NZ" "Iversen2_2015" 2015-10-19 292 16.13 4.97 10.55 14.51722641 9.1959 10.55 114.725040507183 856.451798 117
"119" "NZ" "Iversen2_2015" 2015-10-20 293 19.77 3.17 11.47 14.56843317 10.276085 11.47 111.618383849491 866.727883 118
"120" "NZ" "Iversen2_2015" 2015-10-21 294 22.99 10.61 16.8 14.61946633 12.6351625 16.8 132.962278878487 879.3630455 119
"121" "NZ" "Iversen2_2015" 2015-10-22 295 13.62 8.44 11.03 14.67031161 8.8682 11.03 124.376987438263 888.2312455 120
"122" "NZ" "Iversen2_2015" 2015-10-23 296 14.29 8.37 11.33 14.72095434 9.1783 11.33 123.443339180458 897.4095455 121
"123" "NZ" "Iversen2_2015" 2015-10-24 297 14.12 8.74 11.43 14.77137945 9.1912 11.43 124.358081643311 906.6007455 122
"124" "NZ" "Iversen2_2015" 2015-10-25 298 15.06 4.61 9.83 14.82157143 8.578 9.835 114.653765446491 915.1787455 123
"125" "NZ" "Iversen2_2015" 2015-10-26 299 21.77 9.58 15.68 14.87151433 12.2264645 15.675 128.205500453545 927.40521 124
"126" "NZ" "Iversen2_2015" 2015-10-27 300 13.62 8.2 10.91 14.9211918 8.8058 10.91 123.895614254242 936.21101 125
"127" "NZ" "Iversen2_2015" 2015-10-28 301 12.46 8.37 10.42 14.970587 8.2816 10.415 125.760722565688 944.49261 126
"128" "NZ" "Iversen2_2015" 2015-10-29 302 10.91 6.23 8.57 15.0196827 6.9657 8.57 123.031425413096 951.45831 127
"129" "NZ" "Iversen2_2015" 2015-10-30 303 14.86 4.79 9.83 15.06846118 8.5268 9.825 115.224937843036 959.98511 128
"130" "NZ" "Iversen2_2015" 2015-10-31 304 17.27 3.64 10.46 15.11690429 9.4087 10.455 111.120558631905 969.39381 129
"131" "NZ" "Iversen2_2015" 2015-11-01 305 16.3 8.25 12.27 15.16499345 10.132 12.275 121.150809317015 979.52581 130
"132" "NZ" "Iversen2_2015" 2015-11-02 306 23.86 5.69 14.78 15.2127096 11.6919235 14.775 126.369283890713 991.2177335 131
"133" "NZ" "Iversen2_2015" 2015-11-03 307 19.41 6.74 13.08 15.26003326 11.06885825 13.075 118.124197678654 1002.28659175 132
"134" "NZ" "Iversen2_2015" 2015-11-04 308 11.01 0.8 5.9 15.30694449 5.6029 5.905 105.391850648771 1007.88949175 133
"135" "NZ" "Iversen2_2015" 2015-11-05 309 15.39 -0.17 7.61 15.35342294 7.4969 7.61 101.508623564407 1015.38639175 134
"136" "NZ" "Iversen2_2015" 2015-11-06 310 16.03 7.09 11.56 15.39944779 9.6981 11.56 119.198605912498 1025.08449175 135
"137" "NZ" "Iversen2_2015" 2015-11-07 311 17.32 8.2 12.76 15.44499785 10.6188 12.76 120.164237013599 1035.70329175 136
"138" "NZ" "Iversen2_2015" 2015-11-08 312 20.87 9.93 15.4 15.49005149 12.164527 15.4 126.597606302325 1047.86781875 137
"139" "NZ" "Iversen2_2015" 2015-11-09 313 17.96 9.63 13.8 15.53458668 11.3042 13.795 122.034288140691 1059.17201875 138
"140" "NZ" "Iversen2_2015" 2015-11-10 314 20.89 10.08 15.48 15.57858103 12.2006855 15.485 126.919098111332 1071.37270425 139
"141" "NZ" "Iversen2_2015" 2015-11-11 315 13.45 7.29 10.37 15.62201175 8.4859 10.37 122.202712735243 1079.85860425 140
"142" "NZ" "Iversen2_2015" 2015-11-12 316 12.15 6.36 9.25 15.66485574 7.6071 9.255 121.662657254407 1087.46570425 141
"143" "NZ" "Iversen2_2015" 2015-11-13 317 15.27 6.89 11.08 15.70708953 9.2737 11.08 119.477662637351 1096.73940425 142
"144" "NZ" "Iversen2_2015" 2015-11-14 318 18.58 9.11 13.85 15.74868939 11.423975 13.845 121.192492105419 1108.16337925 143
"145" "NZ" "Iversen2_2015" 2015-11-15 319 14.22 7.49 10.86 15.78963127 8.9152 10.855 121.758345297918 1117.07857925 144
"146" "NZ" "Iversen2_2015" 2015-11-16 320 16.18 4.14 10.16 15.82989089 9.0046 10.16 112.831219598872 1126.08317925 145
"147" "NZ" "Iversen2_2015" 2015-11-17 321 16.2 8.74 12.47 15.86944373 10.2104 12.47 122.130376870642 1136.29357925 146
"148" "NZ" "Iversen2_2015" 2015-11-18 322 12.99 6.59 9.79 15.90826509 8.0785 9.79 121.185863712323 1144.37207925 147
"149" "NZ" "Iversen2_2015" 2015-11-19 323 14.84 0.8 7.82 15.9463301 7.4796 7.82 104.551045510455 1151.85167925 148
"150" "NZ" "Iversen2_2015" 2015-11-20 324 24.56 8.52 16.54 15.98361377 12.403175 16.54 133.352951965928 1164.25485425 149
"151" "NZ" "Iversen2_2015" 2015-11-21 325 15.61 7.9 11.75 16.02009104 9.7029 11.755 121.149347102413 1173.95775425 150
"152" "NZ" "Iversen2_2015" 2015-11-22 326 16.63 6.74 11.68 16.0557368 9.9011 11.685 118.017190009191 1183.85885425 151
"153" "NZ" "Iversen2_2015" 2015-11-23 327 22.54 7.47 15 16.09052594 11.8803185 15.005 126.301327695886 1195.73917275 152
"154" "NZ" "Iversen2_2015" 2015-11-24 328 24.94 16.56 20.75 16.12443338 13.5 20.75 153.703703703704 1209.23917275 153
"155" "NZ" "Iversen2_2015" 2015-11-25 329 27.92 11.49 19.71 16.15743417 12.52651585 19.705 157.306311155947 1221.7656886 154
"156" "NZ" "Iversen2_2015" 2015-11-26 330 27.14 10.1 18.62 16.18950348 12.4906388 18.62 149.071639154276 1234.2563274 155
"157" "NZ" "Iversen2_2015" 2015-11-27 331 26.94 8.74 17.84 16.22061667 12.320079 17.84 144.804266271345 1246.5764064 156
"158" "NZ" "Iversen2_2015" 2015-11-28 332 23.21 10.15 16.68 16.25074936 12.5741375 16.68 132.653233671097 1259.1505439 157
"159" "NZ" "Iversen2_2015" 2015-11-29 333 15.7 9.29 12.49 16.27987749 10.1084 12.495 123.610066875074 1269.2589439 158
"160" "NZ" "Iversen2_2015" 2015-11-30 334 19.27 12.15 15.71 16.30797732 12.372622 15.71 126.973894458264 1281.6315659 159
"161" "NZ" "Iversen2_2015" 2015-12-01 335 21.39 13.33 17.36 16.33502555 12.9722625 17.36 133.823995621427 1294.6038284 160
"162" "NZ" "Iversen2_2015" 2015-12-02 336 31.43 16.8 24.11 16.36099936 11.2110675 24.115 215.099944764404 1305.8148959 161
"163" "NZ" "Iversen2_2015" 2015-12-03 337 27.6 12.17 19.89 16.38587646 12.66392085 19.885 157.020880306592 1318.47881675 162
"164" "NZ" "Iversen2_2015" 2015-12-04 338 23.02 9.19 16.1 16.40963514 12.3336765 16.105 130.577447851823 1330.81249325 163
"165" "NZ" "Iversen2_2015" 2015-12-05 339 24.7 8.72 16.71 16.43225436 12.4484125 16.71 134.233983650526 1343.26090575 164
"166" "NZ" "Iversen2_2015" 2015-12-06 340 14.39 7.59 10.99 16.45371377 9.0245 10.99 121.779599977838 1352.28540575 165
"167" "NZ" "Iversen2_2015" 2015-12-07 341 18.46 7.62 13.04 16.47399381 10.9962 13.04 118.586420763536 1363.28160575 166
"168" "NZ" "Iversen2_2015" 2015-12-08 342 19.48 5.75 12.61 16.49307574 10.84148175 12.615 116.358633357474 1374.1230875 167
"169" "NZ" "Iversen2_2015" 2015-12-09 343 17.61 10.71 14.16 16.51094171 11.4135 14.16 124.063608884216 1385.5365875 168
"170" "NZ" "Iversen2_2015" 2015-12-10 344 27.88 12.07 19.97 16.5275748 12.58398695 19.975 158.733476753963 1398.12057445 169
"171" "NZ" "Iversen2_2015" 2015-12-11 345 18.03 10.05 14.04 16.54295909 11.4477 14.04 122.644723394219 1409.56827445 170
"172" "NZ" "Iversen2_2015" 2015-12-12 346 23.67 13.47 18.57 16.5570797 13.177125 18.57 140.926036597513 1422.74539945 171
"173" "NZ" "Iversen2_2015" 2015-12-13 347 17.11 6.94 12.02 16.56992286 10.1883 12.025 118.027541395522 1432.93369945 172
"174" "NZ" "Iversen2_2015" 2015-12-14 348 24 5.87 14.94 16.5814759 11.7532415 14.935 127.071327514201 1444.68694095 173
"175" "NZ" "Iversen2_2015" 2015-12-15 349 24.32 8.74 16.53 16.59172738 12.4216625 16.53 133.073974598811 1457.10860345 174
"176" "NZ" "Iversen2_2015" 2015-12-16 350 14.6 7.8 11.2 16.60066705 9.182 11.2 121.977782618166 1466.29060345 175
"177" "NZ" "Iversen2_2015" 2015-12-17 351 14.89 7.62 11.25 16.60828592 9.2773 11.255 121.317624739957 1475.56790345 176
"178" "NZ" "Iversen2_2015" 2015-12-18 352 19.82 3.96 11.89 16.61457629 10.4842535 11.89 113.408169689907 1486.05215695 177
"179" "NZ" "Iversen2_2015" 2015-12-19 353 14.89 9.46 12.17 16.61953178 9.7557 12.175 124.798835552549 1495.80785695 178
"180" "NZ" "Iversen2_2015" 2015-12-20 354 17.7 9.95 13.83 16.62314733 11.26 13.825 122.779751332149 1507.06785695 179
"181" "NZ" "Iversen2_2015" 2015-12-21 355 32.9 14.6 23.75 16.62541926 10.722675 23.75 221.493237461734 1517.79053195 180
"182" "NZ" "Iversen2_2015" 2015-12-22 356 21.84 8.34 15.09 16.62634523 11.963925 15.09 126.129175834854 1529.75445695 181
"183" "NZ" "Iversen2_2015" 2015-12-23 357 16.46 3.91 10.18 16.62592431 9.082 10.185 112.144902003964 1538.83645695 182
"184" "NZ" "Iversen2_2015" 2015-12-24 358 19.39 11.42 15.4 16.62415691 12.22222575 15.405 126.04087271093 1551.0586827 183
"185" "NZ" "Iversen2_2015" 2015-12-25 359 22.63 10.66 16.65 16.62104486 12.5974635 16.645 132.129773584976 1563.6561462 184
"186" "NZ" "Iversen2_2015" 2015-12-26 360 20.51 7.77 14.14 16.61659133 11.6015315 14.14 121.880460351291 1575.2576777 185
"187" "NZ" "Iversen2_2015" 2015-12-27 361 18.7 12.87 15.79 16.61080086 12.40692925 15.785 127.227291152644 1587.66460695 186
"188" "NZ" "Iversen2_2015" 2015-12-28 362 20.06 12.99 16.52 16.60367935 12.7139185 16.525 129.97566407241 1600.37852545 187
"189" "NZ" "Iversen2_2015" 2015-12-29 363 19.15 5.72 12.44 16.595234 10.75073925 12.435 115.666464517777 1611.1292647 188
"190" "NZ" "Iversen2_2015" 2015-12-30 364 16.53 4.53 10.53 16.58547331 9.2775 10.53 113.500404203719 1620.4067647 189
"191" "NZ" "Iversen2_2015" 2015-12-31 365 18.49 10.61 14.55 16.57440708 11.77715 14.55 123.544320994468 1632.1839147 190
"192" "NZ" "Iversen2_2015" 2016-01-01 1 22.85 12.51 17.68 16.55875523 12.9482375 17.68 136.543680172688 1645.1321522 191
"193" "NZ" "Iversen2_2015" 2016-01-02 2 17.94 14.86 16.4 16.54479357 12.6542 16.4 129.601239114286 1657.7863522 192
"194" "NZ" "Iversen2_2015" 2016-01-03 3 15.46 9.78 12.62 16.52956644 10.1182 12.62 124.725741732719 1667.9045522 193
"195" "NZ" "Iversen2_2015" 2016-01-04 4 16.18 7.7 11.94 16.5130886 9.9302 11.94 120.239270105335 1677.8347522 194
"196" "NZ" "Iversen2_2015" 2016-01-05 5 17.75 5.64 11.7 16.49537584 10.1639 11.695 115.064099410659 1687.9986522 195
"197" "NZ" "Iversen2_2015" 2016-01-06 6 18.87 8.79 13.83 16.47644495 11.439948 13.83 120.892157901417 1699.4386002 196
"198" "NZ" "Iversen2_2015" 2016-01-07 7 21.96 12.41 17.19 16.45631366 12.86053125 17.185 133.625895120001 1712.29913145 197
"199" "NZ" "Iversen2_2015" 2016-01-08 8 23.33 12.51 17.92 16.43500062 12.9863375 17.92 137.991177266108 1725.28546895 198
"200" "NZ" "Iversen2_2015" 2016-01-09 9 18.01 9.71 13.86 16.41252528 11.3495 13.86 122.119917176968 1736.63496895 199
"201" "NZ" "Iversen2_2015" 2016-01-10 10 18.06 11.54 14.8 16.3889079 11.8498 14.8 124.89662272781 1748.48476895 200
"202" "NZ" "Iversen2_2015" 2016-01-11 11 17.56 9.68 13.62 16.36416943 11.1212 13.62 122.468798331115 1759.60596895 201
"203" "NZ" "Iversen2_2015" 2016-01-12 12 25.84 9.19 17.51 16.3383315 12.54304375 17.515 139.639152578097 1772.1490127 202
"204" "NZ" "Iversen2_2015" 2016-01-13 13 15.03 10.59 12.81 16.31141633 10.1181 12.81 126.604797343375 1782.2671127 203
"205" "NZ" "Iversen2_2015" 2016-01-14 14 17.99 9.14 13.56 16.28344668 11.1915 13.565 121.208059688156 1793.4586127 204
"206" "NZ" "Iversen2_2015" 2016-01-15 15 24.17 11.08 17.62 16.25444581 12.80901875 17.625 137.598362091554 1806.26763145 205
"207" "NZ" "Iversen2_2015" 2016-01-16 16 16.51 11.32 13.92 16.22443737 11.0331 13.915 126.120491974151 1817.30073145 206
"208" "NZ" "Iversen2_2015" 2016-01-17 17 17.92 13.35 15.63 16.19344541 12.2518 15.635 127.613901630781 1829.55253145 207
"209" "NZ" "Iversen2_2015" 2016-01-18 18 15.8 11.83 13.81 16.16149428 10.8178 13.815 127.706187949491 1840.37033145 208
"210" "NZ" "Iversen2_2015" 2016-01-19 19 17.56 13.79 15.67 16.12860858 12.1898 15.675 128.59111716353 1852.56013145 209
"211" "NZ" "Iversen2_2015" 2016-01-20 20 22.71 13.98 18.34 16.0948131 13.18794375 18.345 139.104323977724 1865.7480752 210
"212" "NZ" "Iversen2_2015" 2016-01-21 21 28.69 13.88 21.29 16.06013281 12.45131885 21.285 170.945746843516 1878.19939405 211
"213" "NZ" "Iversen2_2015" 2016-01-22 22 29.69 15.29 22.49 16.02459275 12.072924 22.49 186.284615060941 1890.27231805 212
"214" "NZ" "Iversen2_2015" 2016-01-23 23 30.95 16.68 23.81 15.98821805 11.4604575 23.815 207.801477384302 1901.73277555 213
"215" "NZ" "Iversen2_2015" 2016-01-24 24 23.83 18.34 21.09 15.9510338 13.5 21.085 156.185185185185 1915.23277555 214
"216" "NZ" "Iversen2_2015" 2016-01-25 25 27.16 16.49 21.82 15.91306509 13.0117299 21.825 167.733269655405 1928.24450545 215
"217" "NZ" "Iversen2_2015" 2016-01-26 26 21.75 13.06 17.41 15.87433691 12.95476875 17.405 134.352070159492 1941.1992742 216
"218" "NZ" "Iversen2_2015" 2016-01-27 27 15.06 11.95 13.5 15.83487415 10.4864 13.505 128.785855965822 1951.6856742 217
"219" "NZ" "Iversen2_2015" 2016-01-28 28 16.8 11.47 14.13 15.79470154 11.2142 14.135 126.045549392734 1962.8998742 218
"220" "NZ" "Iversen2_2015" 2016-01-29 29 17.92 10.81 14.36 15.75384361 11.5914 14.365 123.928084614456 1974.4912742 219
"221" "NZ" "Iversen2_2015" 2016-01-30 30 16.39 11.08 13.74 15.71232468 10.9119 13.735 125.871754689834 1985.4031742 220
"222" "NZ" "Iversen2_2015" 2016-01-31 31 21.03 7.32 14.18 15.67016881 11.6138805 14.175 122.052228796396 1997.0170547 221
"223" "NZ" "Iversen2_2015" 2016-02-01 32 22.35 12.24 17.29 15.62739981 12.86248125 17.295 134.460837406469 2009.87953595 222
"224" "NZ" "Iversen2_2015" 2016-02-02 33 28.59 12.22 20.41 15.58404116 12.40751145 20.405 164.456829898795 2022.2870474 223
"225" "NZ" "Iversen2_2015" 2016-02-03 34 24.65 11.44 18.05 15.54011602 12.90854375 18.045 139.791136393677 2035.19559115 224
"226" "NZ" "Iversen2_2015" 2016-02-04 35 30.5 16.77 23.63 15.4956472 11.6725425 23.635 202.483734798995 2046.86813365 225
"227" "NZ" "Iversen2_2015" 2016-02-05 36 20.94 14.75 17.84 15.45065715 13.17883125 17.845 135.406544491569 2060.0469649 226
"228" "NZ" "Iversen2_2015" 2016-02-06 37 20.96 10.71 15.84 15.40516796 12.3503875 15.835 128.214600554031 2072.3973524 227
"229" "NZ" "Iversen2_2015" 2016-02-07 38 20.29 13.71 17 15.35920128 12.908189 17 131.69934217728 2085.3055414 228
"230" "NZ" "Iversen2_2015" 2016-02-08 39 21.41 15.87 18.64 15.31277839 13.3923325 18.64 139.184118972554 2098.6978739 229
"231" "NZ" "Iversen2_2015" 2016-02-09 40 21.77 13.88 17.83 15.26592013 13.09626875 17.825 136.107469541659 2111.79414265 230
"232" "NZ" "Iversen2_2015" 2016-02-10 41 20.6 9.9 15.25 15.21864693 12.116185 15.25 125.864700811353 2123.91032765 231
"233" "NZ" "Iversen2_2015" 2016-02-11 42 22.71 9.78 16.24 15.17097877 12.4158315 16.245 130.841015360107 2136.32615915 232
"234" "NZ" "Iversen2_2015" 2016-02-12 43 24.94 14.86 19.9 15.12293518 13.39604 19.9 148.551362940093 2149.72219915 233
"235" "NZ" "Iversen2_2015" 2016-02-13 44 21.84 15.68 18.76 15.07453528 13.38633 18.76 140.142966742938 2163.10852915 234
"236" "NZ" "Iversen2_2015" 2016-02-14 45 24.36 14.15 19.25 15.02579772 13.31101125 19.255 144.654674527452 2176.4195404 235
"237" "NZ" "Iversen2_2015" 2016-02-15 46 30.52 14.79 22.66 14.9767407 11.7625458 22.655 192.60286323391 2188.1820862 236
"238" "NZ" "Iversen2_2015" 2016-02-16 47 29.32 12.03 20.67 14.92738198 12.12525965 20.675 170.511812503743 2200.30734585 237
"239" "NZ" "Iversen2_2015" 2016-02-17 48 25.84 17.94 21.89 14.87773887 13.366263 21.89 163.770531823293 2213.67360885 238
"240" "NZ" "Iversen2_2015" 2016-02-18 49 26.23 17.3 21.76 14.82782824 13.2646821 21.765 164.082334095289 2226.93829095 239
"241" "NZ" "Iversen2_2015" 2016-02-19 50 25.45 15.39 20.42 14.77766652 13.4243975 20.42 152.111109641978 2240.36268845 240
"242" "NZ" "Iversen2_2015" 2016-02-20 51 29.07 12.58 20.82 14.7272697 12.24564165 20.825 170.060504751092 2252.6083301 241
"243" "NZ" "Iversen2_2015" 2016-02-21 52 22.97 10.3 16.63 14.67665333 12.5706485 16.635 132.332074991994 2265.1789786 242
"244" "NZ" "Iversen2_2015" 2016-02-22 53 20.84 8.67 14.75 14.62583256 11.8821235 14.755 124.178140380379 2277.0611021 243
"245" "NZ" "Iversen2_2015" 2016-02-23 54 22.23 14.15 18.19 14.5748221 13.17885 18.19 138.024182686653 2290.2399521 244
"246" "NZ" "Iversen2_2015" 2016-02-24 55 28.57 15.84 22.21 14.52363627 12.4976658 22.205 177.673177978563 2302.7376179 245
"247" "NZ" "Iversen2_2015" 2016-02-25 56 31.36 17.46 24.41 14.47228897 11.174775 24.41 218.438402562915 2313.9123929 246
"248" "NZ" "Iversen2_2015" 2016-02-26 57 31.13 17.94 24.53 14.42079373 11.2366275 24.535 218.348432392192 2325.1490204 247
"249" "NZ" "Iversen2_2015" 2016-02-27 58 31.15 14.24 22.7 14.36916368 11.5350486 22.695 196.748195755326 2336.684069 248
"250" "NZ" "Iversen2_2015" 2016-02-28 59 21.8 13.88 17.84 14.31741159 13.09865 17.84 136.197241700481 2349.782719 249
"251" "NZ" "Iversen2_2015" 2016-02-29 60 18.3 10.98 14.64 14.26554986 11.8026 14.64 124.040465660109 2361.585319 250
"252" "NZ" "Iversen2_2015" 2016-03-01 61 15.94 9.53 12.74 14.21359054 10.2884 12.735 123.780179619766 2371.873719 251
"253" "NZ" "Iversen2_2015" 2016-03-02 62 18.27 10.96 14.61 14.16154535 11.786425 14.615 123.998583115745 2383.660144 252
"254" "NZ" "Iversen2_2015" 2016-03-03 63 20.06 12.05 16.05 14.10942567 12.5066955 16.055 128.371239229419 2396.1668395 253
"255" "NZ" "Iversen2_2015" 2016-03-04 64 22.08 7.9 14.99 14.05724259 11.904019 14.99 125.923858152444 2408.0708585 254
"256" "NZ" "Iversen2_2015" 2016-03-05 65 28.67 13.71 21.19 14.00500687 12.4504816 21.19 170.194219635648 2420.5213401 255
"257" "NZ" "Iversen2_2015" 2016-03-06 66 27.51 13.28 20.39 13.952729 12.77735685 20.395 159.618301652114 2433.29869695 256
"258" "NZ" "Iversen2_2015" 2016-03-07 67 18.34 14.19 16.27 13.90041916 12.64277125 16.265 128.650591538623 2445.9414682 257
"259" "NZ" "Iversen2_2015" 2016-03-08 68 19.63 11.18 15.4 13.84808731 12.22341375 15.405 126.028622732336 2458.16488195 258
"260" "NZ" "Iversen2_2015" 2016-03-09 69 17.94 10.08 14.01 13.79574313 11.4114 14.01 122.771964877228 2469.57628195 259
"261" "NZ" "Iversen2_2015" 2016-03-10 70 30.62 14.67 22.65 13.74339606 11.727987 22.645 193.085138992736 2481.30426895 260
"262" "NZ" "Iversen2_2015" 2016-03-11 71 14.96 6.76 10.86 13.69105532 9.088 10.86 119.49823943662 2490.39226895 261
"263" "NZ" "Iversen2_2015" 2016-03-12 72 15.56 1.94 8.75 13.63872993 8.1288 8.75 107.641964373585 2498.52106895 262
"264" "NZ" "Iversen2_2015" 2016-03-13 73 20.89 7.32 14.1 13.58642869 11.58608575 14.105 121.740856268045 2510.1071547 263
"265" "NZ" "Iversen2_2015" 2016-03-14 74 20.79 7.12 13.95 13.53416022 11.51133325 13.955 121.228355542569 2521.61848795 264
"266" "NZ" "Iversen2_2015" 2016-03-15 75 18.06 10.93 14.49 13.48193297 11.6912 14.495 123.982140413302 2533.30968795 265
"267" "NZ" "Iversen2_2015" 2016-03-16 76 12.03 8.34 10.18 13.42975524 8.0631 10.185 126.316181121405 2541.37278795 266
"268" "NZ" "Iversen2_2015" 2016-03-17 77 15.44 9.02 12.23 13.37763516 9.9108 12.23 123.400734552206 2551.28358795 267
"269" "NZ" "Iversen2_2015" 2016-03-18 78 19.39 12.75 16.07 13.32558074 12.551434 16.07 128.033179316403 2563.83502195 268
"270" "NZ" "Iversen2_2015" 2016-03-19 79 29.39 15.44 22.41 13.27359987 12.186567 22.415 183.932029422232 2576.02158895 269
"271" "NZ" "Iversen2_2015" 2016-03-20 80 29.19 15.96 22.58 13.22170033 12.2423958 22.575 184.400180886163 2588.26398475 270
"272" "NZ" "Iversen2_2015" 2016-03-21 81 29.46 15.61 22.53 13.16988981 12.150321 22.535 185.468351000768 2600.41430575 271
"273" "NZ" "Iversen2_2015" 2016-03-22 82 27.75 11.95 19.85 13.1181759 12.607551 19.85 157.445327803949 2613.02185675 272
"274" "NZ" "Iversen2_2015" 2016-03-23 83 20.2 11.57 15.88 13.06656615 12.4225165 15.885 127.872641585946 2625.44437325 273
"275" "NZ" "Iversen2_2015" 2016-03-24 84 25.94 13.33 19.63 13.01506803 13.17404125 19.635 149.043103990585 2638.6184145 274
"276" "NZ" "Iversen2_2015" 2016-03-25 85 16.92 8.22 12.57 12.96368897 10.428 12.57 120.54085155351 2649.0464145 275
"277" "NZ" "Iversen2_2015" 2016-03-26 86 17.23 8.12 12.67 12.91243637 10.5539 12.675 120.097783757663 2659.6003145 276
"278" "NZ" "Iversen2_2015" 2016-03-27 87 22.11 11.64 16.87 12.86131761 12.7331385 16.875 132.528205830793 2672.333453 277
"279" "NZ" "Iversen2_2015" 2016-03-28 88 17.49 13.04 15.26 12.81034007 11.9605 15.265 127.628443626939 2684.293953 278
"280" "NZ" "Iversen2_2015" 2016-03-29 89 20.44 9.36 14.9 12.75951111 11.972414 14.9 124.452762826277 2696.266367 279
"281" "NZ" "Iversen2_2015" 2016-03-30 90 15.51 9.93 12.72 12.70883813 10.1817 12.72 124.930021509178 2706.448067 280
"282" "NZ" "Iversen2_2015" 2016-03-31 91 17.77 6.38 12.08 12.65832856 10.3661 12.075 116.485467051254 2716.814167 281
"283" "NZ" "Iversen2_2015" 2016-04-01 92 21.82 14.41 18.11 12.60798983 13.19066875 18.115 137.331930194972 2730.00483575 282
"284" "NZ" "Iversen2_2015" 2016-04-02 93 18.3 12.8 15.55 12.55782946 12.27125 15.55 126.71895691148 2742.27608575 283
"285" "NZ" "Iversen2_2015" 2016-04-03 94 25.91 12.65 19.28 12.507855 13.1140975 19.28 147.01736051604 2755.39018325 284
"286" "NZ" "Iversen2_2015" 2016-04-04 95 14.6 6.31 10.45 12.4580741 8.7946 10.455 118.87976712983 2764.18478325 285
"287" "NZ" "Iversen2_2015" 2016-04-05 96 18.6 3.35 10.98 12.40849447 9.948125 10.975 110.322296915248 2774.13290825 286
"288" "NZ" "Iversen2_2015" 2016-04-06 97 20.37 8.34 14.35 12.3591239 11.70727425 14.355 122.616073506606 2785.8401825 287
"289" "NZ" "Iversen2_2015" 2016-04-07 98 24.48 11.42 17.95 12.30997031 12.8916375 17.95 139.237548371958 2798.73182 288
"290" "NZ" "Iversen2_2015" 2016-04-08 99 20.03 10.61 15.32 12.2610417 12.1833145 15.32 125.74574841682 2810.9151345 289
"291" "NZ" "Iversen2_2015" 2016-04-09 100 16.34 9.66 13 12.2123462 10.5182 13 123.595291970109 2821.4333345 290
"292" "NZ" "Iversen2_2015" 2016-04-10 101 18.82 7.97 13.39 12.16389208 11.218625 13.395 119.399659049126 2832.6519595 291
"293" "NZ" "Iversen2_2015" 2016-04-11 102 24.17 9.14 16.66 12.11568773 12.47800625 16.655 133.47484899681 2845.12996575 292
"294" "NZ" "Iversen2_2015" 2016-04-12 103 21.32 8.62 14.97 12.06774167 11.945285 14.97 125.321413427976 2857.07525075 293
"295" "NZ" "Iversen2_2015" 2016-04-13 104 16.56 1.78 9.17 12.02006261 8.5772 9.17 106.911346360118 2865.65245075 294
"296" "NZ" "Iversen2_2015" 2016-04-14 105 20.91 6.56 13.74 11.97265939 11.40301625 13.735 120.450586922561 2877.055467 295
"297" "NZ" "Iversen2_2015" 2016-04-15 106 17.56 3.67 10.61 11.92554101 9.5586 10.615 111.051827673509 2886.614067 296
"298" "NZ" "Iversen2_2015" 2016-04-16 107 24.46 7.8 16.13 11.87871667 12.249803 16.13 131.675586946174 2898.86387 297
"299" "NZ" "Iversen2_2015" 2016-04-17 108 19.37 5.26 12.31 11.83219571 10.69242225 12.315 115.175025004273 2909.55629225 298
"300" "NZ" "Iversen2_2015" 2016-04-18 109 15.03 8.44 11.74 11.7859877 9.5591 11.735 122.762603173939 2919.11539225 299
"301" "NZ" "Iversen2_2015" 2016-04-19 110 17.25 5.77 11.51 11.74010235 9.9527 11.51 115.647010358998 2929.06809225 300
"302" "NZ" "Iversen2_2015" 2016-04-20 111 20.94 3.06 12 11.69454959 10.544253 12 113.806070472702 2939.61234525 301
"303" "NZ" "Iversen2_2015" 2016-04-21 112 17.2 5.77 11.49 11.64933954 9.9282 11.485 115.680586611873 2949.54054525 302
"304" "NZ" "Iversen2_2015" 2016-04-22 113 21.65 8.57 15.11 11.60448252 11.985264 15.11 126.071482447112 2961.52580925 303
"305" "NZ" "Iversen2_2015" 2016-04-23 114 21.75 9.29 15.52 11.55998906 12.159443 15.52 127.637425497204 2973.68525225 304
"306" "NZ" "Iversen2_2015" 2016-04-24 115 15.89 4.69 10.29 11.51586987 9.0055 10.29 114.263505635445 2982.69075225 305
"307" "NZ" "Iversen2_2015" 2016-04-25 116 15.53 9.83 12.68 11.47213589 10.1655 12.68 124.735625399636 2992.85625225 306
"308" "NZ" "Iversen2_2015" 2016-04-26 117 19.87 4.45 12.16 11.42879826 10.6181645 12.16 114.520734727739 3003.47441675 307
"309" "NZ" "Iversen2_2015" 2016-04-27 118 18.34 4.97 11.66 11.38586832 10.269725 11.655 113.488920102534 3013.74414175 308
"310" "NZ" "Iversen2_2015" 2016-04-28 119 21.34 5.75 13.54 11.34335762 11.31108525 13.545 119.749782630274 3025.055227 309
"311" "NZ" "Iversen2_2015" 2016-04-29 120 13.47 2.24 7.85 11.30127792 7.1827 7.855 109.359989975914 3032.237927 310
"312" "NZ" "Iversen2_2015" 2016-04-30 121 15.34 6.51 10.93 11.25964117 9.2092 10.925 118.631368631369 3041.447127 311
"313" "NZ" "Iversen2_2015" 2016-05-01 122 24.1 9.98 17.04 11.21845953 12.615775 17.04 135.068991005309 3054.062902 312
"314" "NZ" "Iversen2_2015" 2016-05-02 123 23.64 9.44 16.54 11.17774534 12.48461 16.54 132.483113208983 3066.547512 313
"315" "NZ" "Iversen2_2015" 2016-05-03 124 22.13 13.06 17.6 11.13751115 12.98493125 17.595 135.503220319322 3079.53244325 314
"316" "NZ" "Iversen2_2015" 2016-05-04 125 22.85 12.63 17.74 11.09776969 12.9687125 17.74 136.790756985321 3092.50115575 315
"317" "NZ" "Iversen2_2015" 2016-05-05 126 20.41 12 16.21 11.05853385 12.5497655 16.205 129.125918727326 3105.05092125 316
"318" "NZ" "Iversen2_2015" 2016-05-06 127 14.94 4.69 9.81 11.01981671 8.54 9.815 114.929742388759 3113.59092125 317
"319" "NZ" "Iversen2_2015" 2016-05-07 128 22.82 3.14 12.98 10.98163152 10.969044 12.98 118.333010606941 3124.55996525 318
"320" "NZ" "Iversen2_2015" 2016-05-08 129 21.82 10.05 15.94 10.94399166 12.3378035 15.935 129.155890673733 3136.89776875 319
"321" "NZ" "Iversen2_2015" 2016-05-09 130 14.31 7.82 11.07 10.90691066 9.0451 11.065 122.331428066025 3145.94286875 320
"322" "NZ" "Iversen2_2015" 2016-05-10 131 20.13 12.24 16.18 10.8704022 12.5593995 16.185 128.867626195026 3158.50226825 321
"323" "NZ" "Iversen2_2015" 2016-05-11 132 24.07 17.68 20.88 10.83448006 13.5 20.875 154.62962962963 3172.00226825 322
"324" "NZ" "Iversen2_2015" 2016-05-12 133 21.34 12.87 17.11 10.79915814 12.8852885 17.105 132.748288872228 3184.88755675 323
"325" "NZ" "Iversen2_2015" 2016-05-13 134 21.46 11.2 16.33 10.76445043 12.535683 16.33 130.268131381433 3197.42323975 324
"326" "NZ" "Iversen2_2015" 2016-05-14 135 22.01 6.64 14.32 10.730371 11.6154335 14.325 123.327295533137 3209.03867325 325
"327" "NZ" "Iversen2_2015" 2016-05-15 136 19.7 6.2 12.95 10.69693399 11.0084125 12.95 117.637306923228 3220.04708575 326
"328" "NZ" "Iversen2_2015" 2016-05-16 137 19.2 8.74 13.97 10.66415356 11.5108885 13.97 121.363350882949 3231.55797425 327
"329" "NZ" "Iversen2_2015" 2016-05-17 138 12.2 4.51 8.35 10.63204393 7.1506 8.355 116.84334181747 3238.70857425 328
"330" "NZ" "Iversen2_2015" 2016-05-18 139 18.3 5.02 11.66 10.60061931 10.2679 11.66 113.557786889237 3248.97647425 329
"331" "NZ" "Iversen2_2015" 2016-05-19 140 19.13 3.27 11.2 10.56989392 10.1223 11.2 110.64678976122 3259.09877425 330
"332" "NZ" "Iversen2_2015" 2016-05-20 141 18.06 2.29 10.17 10.53988194 9.4448 10.175 107.73123835338 3268.54357425 331
"333" "NZ" "Iversen2_2015" 2016-05-21 142 11.78 8.15 9.96 10.5105975 7.8912 9.965 126.279906731549 3276.43477425 332
"334" "NZ" "Iversen2_2015" 2016-05-22 143 11.39 4.79 8.09 10.48205467 6.8265 8.09 118.508752655094 3283.26127425 333
"335" "NZ" "Iversen2_2015" 2016-05-23 144 10.79 6.18 8.48 10.4542674 6.8939 8.485 123.079824192402 3290.15517425 334
"336" "NZ" "Iversen2_2015" 2016-05-24 145 11.44 5.31 8.38 10.42724955 6.9862 8.375 119.879190403939 3297.14137425 335
"337" "NZ" "Iversen2_2015" 2016-05-25 146 12.58 6.13 9.36 10.40101484 7.758 9.355 120.585202371745 3304.89937425 336
"338" "NZ" "Iversen2_2015" 2016-05-26 147 14.41 4.25 9.33 10.37557681 8.1659 9.33 114.255623997355 3313.06527425 337
"339" "NZ" "Iversen2_2015" 2016-05-27 148 12.51 1.91 7.21 10.35094883 6.6265 7.21 108.805553459594 3319.69177425 338
"340" "NZ" "Iversen2_2015" 2016-05-28 149 11.93 7.37 9.65 10.32714404 7.7619 9.65 124.32522964738 3327.45367425 339
"341" "NZ" "Iversen2_2015" 2016-05-29 150 11.13 7.29 9.21 10.30417537 7.3491 9.21 125.321467934849 3334.80277425 340
"342" "NZ" "Iversen2_2015" 2016-05-30 151 11.42 3.62 7.52 10.28205545 6.537 7.52 115.037478965886 3341.33977425 341
"343" "NZ" "Iversen2_2015" 2016-05-31 152 7.49 5.8 6.65 10.26079666 5.1781 6.645 128.328923736506 3346.51787425 342
"344" "NZ" "Iversen2_2015" 2016-06-01 153 10.37 0.47 5.42 10.24041104 5.2035 5.42 104.160661093495 3351.72137425 343
"345" "NZ" "Iversen2_2015" 2016-06-02 154 12.12 -0.9 5.61 10.22091031 5.7048 5.61 98.3382414808582 3357.42617425 344
"346" "NZ" "Iversen2_2015" 2016-06-03 155 14.7 -1.13 6.78 10.20230582 6.9092 6.785 98.202396804261 3364.33537425 345
"347" "NZ" "Iversen2_2015" 2016-06-04 156 13.4 -1.19 6.11 10.18460854 6.2566 6.105 97.5769587315794 3370.59197425 346
"348" "NZ" "Iversen2_2015" 2016-06-05 157 12.03 0.66 6.34 10.16782901 6.0663 6.345 104.594233717422 3376.65827425 347
"349" "NZ" "Iversen2_2015" 2016-06-06 158 12.32 -1.73 5.29 10.15197736 5.587 5.295 94.7735815285484 3382.24527425 348
"350" "NZ" "Iversen2_2015" 2016-06-07 159 12.73 3.38 8.05 10.13706324 7.1165 8.055 113.187662474531 3389.36177425 349
"351" "NZ" "Iversen2_2015" 2016-06-08 160 15.03 2.96 8.99 10.12309583 8.1343 8.995 110.581119457114 3397.49607425 350
"352" "NZ" "Iversen2_2015" 2016-06-09 161 17.11 8.84 12.97 10.11008382 10.6823 12.975 121.462606367543 3408.17837425 351
"353" "NZ" "Iversen2_2015" 2016-06-10 162 19.84 13.83 16.84 10.09803535 12.8650955 16.835 130.857948159032 3421.04346975 352
"354" "NZ" "Iversen2_2015" 2016-06-11 163 16.08 7.42 11.75 10.08695804 9.8084 11.75 119.79527751723 3430.85186975 353
"355" "NZ" "Iversen2_2015" 2016-06-12 164 14.91 2.85 8.88 10.07685893 8.0469 8.88 110.353055213809 3438.89876975 354
"356" "NZ" "Iversen2_2015" 2016-06-13 165 12.8 0.05 6.43 10.06774451 6.285 6.425 102.227525855211 3445.18376975 355
"357" "NZ" "Iversen2_2015" 2016-06-14 166 17.92 2.42 10.17 10.05962063 9.41 10.17 108.07651434644 3454.59376975 356
"358" "NZ" "Iversen2_2015" 2016-06-15 167 14.96 4.09 9.52 10.05249259 8.3938 9.525 113.476613691058 3462.98756975 357
"359" "NZ" "Iversen2_2015" 2016-06-16 168 13.71 -0.73 6.49 10.046365 6.5281 6.49 99.4163692345399 3469.51566975 358
"360" "NZ" "Iversen2_2015" 2016-06-17 169 13.35 -0.9 6.23 10.0412419 6.3075 6.225 98.692033293698 3475.82316975 359
"361" "NZ" "Iversen2_2015" 2016-06-18 170 13.67 0.69 7.18 10.03712664 6.8777 7.18 104.395364729488 3482.70086975 360
"362" "NZ" "Iversen2_2015" 2016-06-19 171 12.82 6.26 9.54 10.03402192 7.9094 9.54 120.615975927378 3490.61026975 361
"363" "NZ" "Iversen2_2015" 2016-06-20 172 14.34 7.52 10.93 10.03192981 8.9818 10.93 121.690529737914 3499.59206975 362
"364" "NZ" "Iversen2_2015" 2016-06-21 173 15.27 7.17 11.22 10.03085169 9.3465 11.22 120.044936607286 3508.93856975 363
"365" "NZ" "Iversen2_2015" 2016-06-22 174 21.18 13.47 17.32 10.03078826 12.97948125 17.325 133.479910840042 3521.918051 364
"366" "NZ" "Iversen2_2015" 2016-06-23 175 15.37 10.83 13.1 10.03173957 10.3471 13.1 126.605522320264 3532.265151 365
"367" "NZ" "Iversen2_2015" 2016-06-24 176 14.75 1.99 8.37 10.033705 7.7449 8.37 108.071117767821 3540.010051 366
"368" "NZ" "Iversen2_2015" 2016-06-25 177 12.53 -0.51 6.01 10.03668323 6.0071 6.01 100.048276206489 3546.017151 367
"369" "NZ" "Iversen2_2015" 2016-06-26 178 9.53 6.48 8.01 10.04067231 6.3545 8.005 125.973719411441 3552.371651 368
"370" "NZ" "Iversen2_2015" 2016-06-27 179 11.66 5.9 8.78 10.04566961 7.2474 8.78 121.146894058559 3559.619051 369
"371" "NZ" "Iversen2_2015" 2016-06-28 180 14.36 3.54 8.95 10.05167184 7.9568 8.95 112.482404986929 3567.575851 370
"372" "NZ" "Iversen2_2015" 2016-06-29 181 11.3 0.93 6.12 10.05867507 5.7788 6.115 105.817816847788 3573.354651 371
"373" "NZ" "Iversen2_2015" 2016-06-30 182 10.61 1.72 6.17 10.06667474 5.6461 6.165 109.190414622483 3579.000751 372
"374" "NZ" "Iversen2_2015" 2016-07-01 183 9.61 0.44 5.02 10.07566565 4.8233 5.025 104.181784255593 3583.824051 373
"375" "NZ" "Iversen2_2015" 2016-07-02 184 11.98 -3.09 4.44 10.08564202 5.0668 4.445 87.7279545275124 3588.890851 374
"376" "NZ" "Iversen2_2015" 2016-07-03 185 16.53 2.93 9.73 10.09659743 8.8615 9.73 109.800823788298 3597.752351 375
"377" "NZ" "Iversen2_2015" 2016-07-04 186 17.25 6.15 11.7 10.10852491 10.0515 11.7 116.400537233249 3607.803851 376
"378" "NZ" "Iversen2_2015" 2016-07-05 187 9.61 4.43 7.02 10.12141691 5.8607 7.02 119.780913542751 3613.664551 377
"379" "NZ" "Iversen2_2015" 2016-07-06 188 11.73 -0.7 5.52 10.13526536 5.5657 5.515 99.0890633702859 3619.230251 378
"380" "NZ" "Iversen2_2015" 2016-07-07 189 10.2 0.83 5.51 10.15006163 5.2138 5.515 105.776976485481 3624.444051 379
"381" "NZ" "Iversen2_2015" 2016-07-08 190 10.17 3.27 6.72 10.16579661 5.8335 6.72 115.196708665467 3630.277551 380
"382" "NZ" "Iversen2_2015" 2016-07-09 191 9.39 -0.14 4.62 10.1824607 4.5647 4.625 101.321006856968 3634.842251 381
"383" "NZ" "Iversen2_2015" 2016-07-10 192 10.71 -1.02 4.85 10.20004383 4.9827 4.845 97.2364380757421 3639.824951 382
"384" "NZ" "Iversen2_2015" 2016-07-11 193 9.09 -2.31 3.39 10.21853551 3.8535 3.39 87.9719735305566 3643.678451 383
"385" "NZ" "Iversen2_2015" 2016-07-12 194 11.39 -0.82 5.29 10.23792482 5.3679 5.285 98.4556344194191 3649.046351 384
"386" "NZ" "Iversen2_2015" 2016-07-13 195 16.44 9.11 12.78 10.25820046 10.4242 12.775 122.551370848602 3659.470551 385
"387" "NZ" "Iversen2_2015" 2016-07-14 196 12.87 5.28 9.08 10.27935076 7.6791 9.075 118.177911474001 3667.149651 386
"388" "NZ" "Iversen2_2015" 2016-07-15 197 12.1 4.56 8.33 10.3013637 7.1146 8.33 117.08318106429 3674.264251 387
"389" "NZ" "Iversen2_2015" 2016-07-16 198 12.61 1.26 6.93 10.32422697 6.5065 6.935 106.585721970337 3680.770751 388
"390" "NZ" "Iversen2_2015" 2016-07-17 199 11.61 3.64 7.63 10.34792794 6.6353 7.625 114.915678266243 3687.406051 389
"391" "NZ" "Iversen2_2015" 2016-07-18 200 10.2 5.41 7.8 10.37245374 6.4046 7.805 121.865534147332 3693.810651 390
"392" "NZ" "Iversen2_2015" 2016-07-19 201 12.07 4.09 8.08 10.39779124 6.9777 8.08 115.797469080069 3700.788351 391
"393" "NZ" "Iversen2_2015" 2016-07-20 202 13.23 0.05 6.64 10.42392711 6.4957 6.64 102.221469587573 3707.284051 392
"394" "NZ" "Iversen2_2015" 2016-07-21 203 14.12 -0.56 6.78 10.45084781 6.7732 6.78 100.10039567708 3714.057251 393
"395" "NZ" "Iversen2_2015" 2016-07-22 204 13.28 0.14 6.71 10.47853965 6.5436 6.71 102.54294272266 3720.600851 394
"396" "NZ" "Iversen2_2015" 2016-07-23 205 20.13 5.33 12.73 10.50698881 10.90163 12.73 116.77152866131 3731.502481 395
"397" "NZ" "Iversen2_2015" 2016-07-24 206 13.4 2.85 8.13 10.53618131 7.307 8.125 111.194744765294 3738.809481 396
"398" "NZ" "Iversen2_2015" 2016-07-25 207 10.27 -1.5 4.39 10.56610312 4.6423 4.385 94.4574887448032 3743.451781 397
"399" "NZ" "Iversen2_2015" 2016-07-26 208 10.83 -3.09 3.87 10.59674011 4.5033 3.87 85.9369795483312 3747.955081 398
"400" "NZ" "Iversen2_2015" 2016-07-27 209 16.7 2.66 9.68 10.6280781 8.8746 9.68 109.07533860681 3756.829681 399
"401" "NZ" "Iversen2_2015" 2016-07-28 210 15.65 3.54 9.6 10.66010288 8.5889 9.595 111.713956385567 3765.418581 400
"402" "NZ" "Iversen2_2015" 2016-07-29 211 10.57 -0.45 5.06 10.69280023 5.0623 5.06 99.9545661063153 3770.480881 401
"403" "NZ" "Iversen2_2015" 2016-07-30 212 15.18 1.29 8.23 10.72615595 7.7736 8.235 105.935473911701 3778.254481 402
"404" "NZ" "Iversen2_2015" 2016-07-31 213 10.42 -1.44 4.49 10.76015586 4.7314 4.49 94.8979160502177 3782.985881 403
"405" "NZ" "Iversen2_2015" 2016-08-01 214 9.26 -3.99 2.64 10.7947858 3.61946875 2.635 72.8007390587362 3786.60534975 404
"406" "NZ" "Iversen2_2015" 2016-08-02 215 10.1 -2.39 3.85 10.83003171 4.3276 3.855 89.0793973565024 3790.93294975 405
"407" "NZ" "Iversen2_2015" 2016-08-03 216 12.36 5.26 8.81 10.86587958 7.424 8.81 118.669181034483 3798.35694975 406
"408" "NZ" "Iversen2_2015" 2016-08-04 217 7.62 -0.23 3.7 10.90231551 3.674 3.695 100.571584104518 3802.03094975 407
"409" "NZ" "Iversen2_2015" 2016-08-05 218 6.89 -1.64 2.62 10.93932569 2.9497 2.625 88.9921008916161 3804.98064975 408
"410" "NZ" "Iversen2_2015" 2016-08-06 219 5.77 0.77 3.27 10.97689644 3.0275 3.27 108.009909165978 3808.00814975 409
"411" "NZ" "Iversen2_2015" 2016-08-07 220 7.39 -2.04 2.67 11.0150142 3.0907 2.675 86.5499724981396 3811.09884975 410
"412" "NZ" "Iversen2_2015" 2016-08-08 221 6.1 -2.48 1.81 11.05366557 2.4085975 1.81 75.1474665235682 3813.50744725 411
"413" "NZ" "Iversen2_2015" 2016-08-09 222 10.32 -1.58 4.37 11.09283729 4.646 4.37 94.059405940594 3818.15344725 412
"414" "NZ" "Iversen2_2015" 2016-08-10 223 8.87 -2.16 3.35 11.13251626 3.7847 3.355 88.6463920522102 3821.93814725 413
"415" "NZ" "Iversen2_2015" 2016-08-11 224 10.03 1.15 5.59 11.17268956 5.2137 5.59 107.217523064235 3827.15184725 414
"416" "NZ" "Iversen2_2015" 2016-08-12 225 12.22 4.56 8.39 11.21334444 7.1734 8.39 116.959879555023 3834.32524725 415
"417" "NZ" "Iversen2_2015" 2016-08-13 226 9.73 1.48 5.61 11.25446833 5.1525 5.605 108.782144590005 3839.47774725 416
"418" "NZ" "Iversen2_2015" 2016-08-14 227 11.73 -1.38 5.18 11.29604886 5.3889 5.175 96.0307298335467 3844.86664725 417
"419" "NZ" "Iversen2_2015" 2016-08-15 228 12.27 1.91 7.09 11.33807385 6.5089 7.09 108.927775814654 3851.37554725 418
"420" "NZ" "Iversen2_2015" 2016-08-16 229 13.98 -0.82 6.58 11.38053132 6.637 6.58 99.1411782431822 3858.01254725 419
"421" "NZ" "Iversen2_2015" 2016-08-17 230 12.99 1.13 7.06 11.42340949 6.6589 7.06 106.023517397768 3864.67144725 420
"422" "NZ" "Iversen2_2015" 2016-08-18 231 10.2 4.14 7.17 11.46669678 6.0744 7.17 118.036349269064 3870.74584725 421
"423" "NZ" "Iversen2_2015" 2016-08-19 232 11.88 6.71 9.3 11.51038183 7.5658 9.295 122.855481244548 3878.31164725 422
"424" "NZ" "Iversen2_2015" 2016-08-20 233 13.45 7.22 10.33 11.55445347 8.4677 10.335 122.052033019592 3886.77934725 423
"425" "NZ" "Iversen2_2015" 2016-08-21 234 17.37 6.59 11.98 11.59890074 10.2247 11.98 117.16725185091 3897.00404725 424
"426" "NZ" "Iversen2_2015" 2016-08-22 235 17.23 5.54 11.38 11.64371289 9.8831 11.385 115.196648824761 3906.88714725 425
"427" "NZ" "Iversen2_2015" 2016-08-23 236 11.01 0.41 5.71 11.68887938 5.5015 5.71 103.789875488503 3912.38864725 426
"428" "NZ" "Iversen2_2015" 2016-08-24 237 9.26 6.43 7.85 11.73438986 6.2092 7.845 126.344778715454 3918.59784725 427
"429" "NZ" "Iversen2_2015" 2016-08-25 238 12.44 3.46 7.95 11.78023418 6.9952 7.95 113.649359560842 3925.59304725 428
"430" "NZ" "Iversen2_2015" 2016-08-26 239 9.46 3.22 6.34 11.8264024 5.4726 6.34 115.849870262764 3931.06564725 429
"431" "NZ" "Iversen2_2015" 2016-08-27 240 12.22 1.29 6.75 11.87288476 6.3232 6.755 106.828820850202 3937.38884725 430
"432" "NZ" "Iversen2_2015" 2016-08-28 241 15.82 1.15 8.49 11.9196717 8.0508 8.485 105.393252844438 3945.43964725 431
"433" "NZ" "Iversen2_2015" 2016-08-29 242 19.34 6.59 12.96 11.96675383 11.01405625 12.965 117.713217598648 3956.4537035 432
"434" "NZ" "Iversen2_2015" 2016-08-30 243 15.32 5.08 10.2 12.01412194 8.8276 10.2 115.54669445829 3965.2813035 433
"435" "NZ" "Iversen2_2015" 2016-08-31 244 13.83 1.78 7.81 12.06176701 7.2395 7.805 107.811312935976 3972.5208035 434
"436" "NZ" "Iversen2_2015" 2016-09-01 245 17.72 4.53 11.13 12.10968017 9.8606 11.125 112.822749122771 3982.3814035 435
"437" "NZ" "Iversen2_2015" 2016-09-02 246 21.63 10.32 15.97 12.1578527 12.3679605 15.975 129.164384055075 3994.749364 436
"438" "NZ" "Iversen2_2015" 2016-09-03 247 15.53 5.69 10.61 12.20627607 9.0891 10.61 116.733229912753 4003.838464 437
"439" "NZ" "Iversen2_2015" 2016-09-04 248 14.67 4.01 9.34 12.25494184 8.2309 9.34 113.474832642846 4012.069364 438
"440" "NZ" "Iversen2_2015" 2016-09-05 249 14.58 4.51 9.54 12.30384176 8.3168 9.545 114.767699115044 4020.386164 439
"441" "NZ" "Iversen2_2015" 2016-09-06 250 12.94 6.79 9.87 12.35296767 8.106 9.865 121.699975326918 4028.492164 440
"442" "NZ" "Iversen2_2015" 2016-09-07 251 15.63 4.45 10.04 12.40231155 8.8157 10.04 113.887723039577 4037.307864 441
"443" "NZ" "Iversen2_2015" 2016-09-08 252 9.16 2.72 5.94 12.45186548 5.1956 5.94 114.327507891293 4042.503464 442
"444" "NZ" "Iversen2_2015" 2016-09-09 253 8.84 4.32 6.58 12.50162165 5.4548 6.58 120.627704040478 4047.958264 443
"445" "NZ" "Iversen2_2015" 2016-09-10 254 11.76 0.61 6.18 12.55157233 5.921 6.185 104.458706299612 4053.879264 444
"446" "NZ" "Iversen2_2015" 2016-09-11 255 14.46 3.88 9.17 12.60170987 8.0942 9.17 113.290998492748 4061.973464 445
"447" "NZ" "Iversen2_2015" 2016-09-12 256 19.08 3.25 11.16 12.65202672 10.098775 11.165 110.557963713421 4072.072239 446
"448" "NZ" "Iversen2_2015" 2016-09-13 257 13.69 5.49 9.59 12.70251535 8.1355 9.59 117.878434023723 4080.207739 447
"449" "NZ" "Iversen2_2015" 2016-09-14 258 14.43 6.59 10.51 12.75316831 8.7841 10.51 119.648000364295 4088.991839 448
"450" "NZ" "Iversen2_2015" 2016-09-15 259 14.46 6.18 10.32 12.80397817 8.6922 10.32 118.727134672465 4097.684039 449
"451" "NZ" "Iversen2_2015" 2016-09-16 260 20.82 10.61 15.72 12.85493754 12.3067055 15.715 127.694613314668 4109.9907445 450
"452" "NZ" "Iversen2_2015" 2016-09-17 261 18.7 7.09 12.9 12.90603905 10.947925 12.895 117.78487704291 4120.9386695 451
"453" "NZ" "Iversen2_2015" 2016-09-18 262 14.79 4.64 9.71 12.95727533 8.4535 9.715 114.922813036021 4129.3921695 452
"454" "NZ" "Iversen2_2015" 2016-09-19 263 12.1 6.64 9.37 13.00863898 7.6554 9.37 122.39726206338 4137.0475695 453
"455" "NZ" "Iversen2_2015" 2016-09-20 264 11.15 6.51 8.83 13.06012263 7.1561 8.83 123.391232654658 4144.2036695 454
"456" "NZ" "Iversen2_2015" 2016-09-21 265 9.24 6.38 7.81 13.11171884 6.1864 7.81 126.24466571835 4150.3900695 455
"457" "NZ" "Iversen2_2015" 2016-09-22 266 12.53 7.52 10.03 13.16342013 8.0949 10.025 123.843407577611 4158.4849695 456
"458" "NZ" "Iversen2_2015" 2016-09-23 267 12.73 6.89 9.81 13.21521899 8.0291 9.81 122.180568183234 4166.5140695 457
"459" "NZ" "Iversen2_2015" 2016-09-24 268 11.03 8.77 9.9 13.26710782 7.6849 9.9 128.824057567437 4174.1989695 458
"460" "NZ" "Iversen2_2015" 2016-09-25 269 12 8.25 10.12 13.31907895 8.025 10.125 126.168224299065 4182.2239695 459
"461" "NZ" "Iversen2_2015" 2016-09-26 270 11.73 8.94 10.34 13.3711246 8.0721 10.335 128.033597205188 4190.2960695 460
"462" "NZ" "Iversen2_2015" 2016-09-27 271 14.17 10.61 12.39 13.42323691 9.7019 12.39 127.70694400066 4199.9979695 461
"463" "NZ" "Iversen2_2015" 2016-09-28 272 16.25 11.05 13.65 13.47540788 10.8355 13.65 125.974805038992 4210.8334695 462
"464" "NZ" "Iversen2_2015" 2016-09-29 273 15.25 11.25 13.25 13.52762939 10.3975 13.25 127.434479442174 4221.2309695 463
"465" "NZ" "Iversen2_2015" 2016-09-30 274 16.49 11.03 13.76 13.57989316 10.9479 13.76 125.686204660254 4232.1788695 464
"466" "NZ" "Iversen2_2015" 2016-10-01 275 19.48 7.02 13.25 13.63219077 11.1558385 13.25 118.771887922185 4243.334708 465
"467" "NZ" "Iversen2_2015" 2016-10-02 276 16.42 8.72 12.57 13.68451362 10.313 12.57 121.884999515175 4253.647708 466
"468" "NZ" "Iversen2_2015" 2016-10-03 277 12.82 8.2 10.51 13.73685293 8.4138 10.51 124.913832037843 4262.061508 467
"469" "NZ" "Iversen2_2015" 2016-10-04 278 14.12 9.14 11.63 13.78919971 9.2952 11.63 125.118340648937 4271.356708 468
"470" "NZ" "Iversen2_2015" 2016-10-05 279 14.31 5.57 9.94 13.84154477 8.4601 9.94 117.492701031903 4279.816808 469
"471" "NZ" "Iversen2_2015" 2016-10-06 280 16.18 6.56 11.37 13.89387868 9.6338 11.37 118.021964333908 4289.450608 470
"472" "NZ" "Iversen2_2015" 2016-10-07 281 12.1 3.43 7.77 13.94619181 6.8208 7.765 113.842950973493 4296.271408 471
"473" "NZ" "Iversen2_2015" 2016-10-08 282 17.96 5.15 11.56 13.99847423 10.1394 11.555 113.961378385309 4306.410808 472
"474" "NZ" "Iversen2_2015" 2016-10-09 283 12.15 1.78 6.96 14.05071579 6.4163 6.965 108.551657497312 4312.827108 473
"475" "NZ" "Iversen2_2015" 2016-10-10 284 15.63 4.3 9.96 14.10290603 8.7767 9.965 113.539257351852 4321.603808 474
"476" "NZ" "Iversen2_2015" 2016-10-11 285 22.47 12.92 17.69 14.15503423 12.98803125 17.695 136.240817868374 4334.59183925 475
"477" "NZ" "Iversen2_2015" 2016-10-12 286 13.28 5.75 9.51 14.20708935 8.0022 9.515 118.904801179676 4342.59403925 476
"478" "NZ" "Iversen2_2015" 2016-10-13 287 17.01 0.16 8.59 14.25906003 8.3765 8.585 102.489106428699 4350.97053925 477
"479" "NZ" "Iversen2_2015" 2016-10-14 288 12.99 7.52 10.26 14.31093462 8.3203 10.255 123.252767328101 4359.29083925 478
"480" "NZ" "Iversen2_2015" 2016-10-15 289 16.49 4.58 10.54 14.36270109 9.2709 10.535 113.635137904626 4368.56173925 479
"481" "NZ" "Iversen2_2015" 2016-10-16 290 22.56 8.57 15.56 14.41434708 12.1259045 15.565 128.361558513016 4380.68764375 480
"482" "NZ" "Iversen2_2015" 2016-10-17 291 20.51 15.1 17.81 14.46585989 13.20441875 17.805 134.841225025524 4393.8920625 481
"483" "NZ" "Iversen2_2015" 2016-10-18 292 24.29 8.77 16.53 14.51722641 12.4244 16.53 133.044654067802 4406.3164625 482
"484" "NZ" "Iversen2_2015" 2016-10-19 293 21.1 9.68 15.39 14.56843317 12.144961 15.39 126.719221247396 4418.4614235 483
"485" "NZ" "Iversen2_2015" 2016-10-20 294 11.73 7.14 9.44 14.61946633 7.6041 9.435 124.077800134138 4426.0655235 484
"486" "NZ" "Iversen2_2015" 2016-10-21 295 12.63 3.17 7.9 14.67031161 7.0129 7.9 112.649545836958 4433.0784235 485
"487" "NZ" "Iversen2_2015" 2016-10-22 296 14.34 2.16 8.25 14.72095434 7.5882 8.25 108.721435913655 4440.6666235 486
"488" "NZ" "Iversen2_2015" 2016-10-23 297 13.83 6.76 10.3 14.77137945 8.5343 10.295 120.630866034707 4449.2009235 487
"489" "NZ" "Iversen2_2015" 2016-10-24 298 15.56 11.27 13.42 14.82157143 10.5546 13.415 127.100979667633 4459.7555235 488
"490" "NZ" "Iversen2_2015" 2016-10-25 299 22.39 11.54 16.97 14.87151433 12.74621875 16.965 133.098296308464 4472.50174225 489
"491" "NZ" "Iversen2_2015" 2016-10-26 300 13.67 10.88 12.27 14.9211918 9.5271 12.275 128.842984748769 4482.02884225 490
"492" "NZ" "Iversen2_2015" 2016-10-27 301 17.49 10.35 13.92 14.970587 11.2611 13.92 123.61137011482 4493.28994225 491
"493" "NZ" "Iversen2_2015" 2016-10-28 302 22.01 7.52 14.77 15.0196827 11.8094295 14.765 125.027208130588 4505.09937175 492
"494" "NZ" "Iversen2_2015" 2016-10-29 303 12.94 6.61 9.78 15.06846118 8.0592 9.775 121.2899543379 4513.15857175 493
"495" "NZ" "Iversen2_2015" 2016-10-30 304 16.27 5.51 10.89 15.11690429 9.4049 10.89 115.790704845347 4522.56347175 494
"496" "NZ" "Iversen2_2015" 2016-10-31 305 14.96 5.15 10.06 15.16499345 8.6694 10.055 115.982651625257 4531.23287175 495
"497" "NZ" "Iversen2_2015" 2016-11-01 306 16.15 9.81 12.98 15.2127096 10.4641 12.98 124.043157079921 4541.69697175 496
"498" "NZ" "Iversen2_2015" 2016-11-02 307 15.32 10.3 12.81 15.26003326 10.1848 12.81 125.775665697903 4551.88177175 497
"499" "NZ" "Iversen2_2015" 2016-11-03 308 20.01 8.92 14.46 15.30694449 11.75994775 14.465 123.002247182603 4563.6417195 498
"500" "NZ" "Iversen2_2015" 2016-11-04 309 16.7 8.3 12.5 15.35342294 10.341 12.5 120.878058214873 4573.9827195 499
"501" "NZ" "Iversen2_2015" 2016-11-05 310 18.53 5.64 12.09 15.39944779 10.512075 12.085 114.963030610037 4584.4947945 500
"502" "NZ" "Iversen2_2015" 2016-11-06 311 22.32 11.57 16.94 15.44499785 12.74578125 16.945 132.945950253147 4597.24057575 501
"503" "NZ" "Iversen2_2015" 2016-11-07 312 16.32 7.39 11.86 15.49005149 9.9182 11.855 119.527736887742 4607.15877575 502
"504" "NZ" "Iversen2_2015" 2016-11-08 313 18.18 5.1 11.64 15.53458668 10.2342 11.64 113.736295948877 4617.39297575 503
"505" "NZ" "Iversen2_2015" 2016-11-09 314 27.33 12.41 19.87 15.57858103 12.7526874 19.87 155.810296110606 4630.14566315 504
"506" "NZ" "Iversen2_2015" 2016-11-10 315 15.89 5.75 10.82 15.62201175 9.2811 10.82 116.581008716639 4639.42676315 505
"507" "NZ" "Iversen2_2015" 2016-11-11 316 15.46 9.73 12.6 15.66485574 10.1052 12.595 124.638799825832 4649.53196315 506
"508" "NZ" "Iversen2_2015" 2016-11-12 317 12.97 8.39 10.68 15.70708953 8.5367 10.68 125.106891421744 4658.06866315 507
"509" "NZ" "Iversen2_2015" 2016-11-13 318 15.29 7.47 11.38 15.74868939 9.4343 11.38 120.623681672196 4667.50296315 508
"510" "NZ" "Iversen2_2015" 2016-11-14 319 17.03 7.47 12.25 15.78963127 10.2869 12.25 119.083494541601 4677.78986315 509
"511" "NZ" "Iversen2_2015" 2016-11-15 320 17.34 8.07 12.71 15.82989089 10.5948 12.705 119.91731792955 4688.38466315 510
"512" "NZ" "Iversen2_2015" 2016-11-16 321 21.15 10.88 16.02 15.86944373 12.4172285 16.015 128.974029913358 4700.80189165 511
"513" "NZ" "Iversen2_2015" 2016-11-17 322 13.43 8.42 10.92 15.90826509 8.7699 10.925 124.573826383425 4709.57179165 512
"514" "NZ" "Iversen2_2015" 2016-11-18 323 17.01 5.1 11.06 15.9463301 9.6609 11.055 114.43033257771 4719.23269165 513
"515" "NZ" "Iversen2_2015" 2016-11-19 324 19.1 9.29 14.2 15.98361377 11.62177975 14.195 122.141361352163 4730.8544714 514
"516" "NZ" "Iversen2_2015" 2016-11-20 325 17.77 7.7 12.73 16.02009104 10.7093 12.735 118.915335269345 4741.5637714 515
"517" "NZ" "Iversen2_2015" 2016-11-21 326 27.63 8.37 18 16.0557368 12.1205847 18 148.507687092026 4753.6843561 516
"518" "NZ" "Iversen2_2015" 2016-11-22 327 24.65 12.53 18.59 16.09052594 13.094525 18.59 141.967730788249 4766.7788811 517
"519" "NZ" "Iversen2_2015" 2016-11-23 328 20.91 13.33 17.12 16.12443338 12.920239 17.12 132.505288795354 4779.6991201 518
