Plot	Block	Cultivar	SowTreat	DAS	sample_area_m2	Layer	bur_total_weight_g	bur_no_subSample	bur_weight_subSample_g	seedNo	seed_weight_g	IndividualBurrWeight_g	TotalNumberofBurrs	Percent_Burrsburied 	IndividualSeedWeight_g	Seedsperbur	NumberTotalBurrs	TotalNumberSeeds	Seedsperm2	gseedsperm2	TSW_g
1	1	Antas 	S1	230	2	Up	24.1	50	5	128	1.206	0.1	241	13.46499102	0.009	2.560	241.000	616.960	308.480	789.709	9.422
1	1	Antas 	S1	230	2	Down	3	10	0.8	27	0.354	0.08	37.5	*	0.013	2.700	37.500	101.250	50.625	136.688	13.111
2	1	Monti	S1	230	2	Up	27.8	50	3.1	125	1.18	0.062	448.3870968	55.607601	0.009	2.500	448.387	1120.968	560.484	1401.210	9.440
2	1	Monti	S1	230	2	Down	33.7	50	3	87	0.732	0.06	561.6666667	*	0.008	1.740	561.667	977.300	488.650	850.251	8.414
3	1	Denmark	S1	230	2	Up	16.5	50	3	134	0.836	0.06	275	54.04699739	0.006	2.680	275.000	737.000	368.500	987.580	6.239
3	1	Denmark	S1	230	2	Down	20.7	50	3.2	122	0.914	0.064	323.4375	*	0.007	2.440	323.438	789.188	394.594	962.809	7.492
4	1	Leura	S1	230	2	Up	60	50	3.8	140	1.2	0.076	789.4736842	55.45148209	0.009	2.800	789.474	2210.526	1105.263	3094.737	8.571
4	1	Leura	S1	230	2	Down	51.1	50	2.6	104	0.632	0.052	982.6923077	*	0.006	2.080	982.692	2044.000	1022.000	2125.760	6.077
5	1	Narrikup	S1	230	2	Up	46.9	50	2.8	114	0.89	0.056	837.5	42.12624585	0.008	2.280	837.500	1909.500	954.750	2176.830	7.807
5	1	Narrikup	S1	230	2	Down	31.7	50	2.6	96	0.692	0.052	609.6153846	*	0.007	1.920	609.615	1170.462	585.231	1123.643	7.208
6	1	Woogenellup	S1	230	2	Up	27.1	50	2.4	118	0.38	0.048	564.5833333	54.1172849	0.003	2.360	564.583	1332.417	666.208	1572.252	3.220
6	1	Woogenellup	S1	230	2	Down	29.3	50	2.2	158	0.74	0.044	665.9090909	*	0.005	3.160	665.909	2104.273	1052.136	3324.751	4.684
7	2	Antas 	S1	230	2	Up	256.4	50	5.4	154	1.336	0.108	2374.074074	2.870184305	0.009	3.080	2374.074	7312.148	3656.074	11260.708	8.675
7	2	Antas 	S1	230	2	Down	5.7	8	0.65	34	0.556	0.08125	70.15384615	*	0.016	4.250	70.154	298.154	149.077	633.577	16.353
8	2	Woogenellup	S1	230	2	Up	59.9	50	2.6	148	0.86	0.052	1151.923077	64.55621302	0.006	2.960	1151.923	3409.692	1704.846	5046.345	5.811
8	2	Woogenellup	S1	230	2	Down	109.1	50	2.6	142	0.898	0.052	2098.076923	*	0.006	2.840	2098.077	5958.538	2979.269	8461.125	6.324
9	2	Denmark	S1	230	2	Up	33.8	50	3.8	120	0.992	0.076	444.7368421	53.67395112	0.008	2.400	444.737	1067.368	533.684	1280.842	8.267
9	2	Denmark	S1	230	2	Down	37.1	50	3.6	110	0.98	0.072	515.2777778	*	0.009	2.200	515.278	1133.611	566.806	1246.972	8.909
10	2	Monti	S1	230	2	Up	35	50	3	102	0.789	0.06	583.3333333	54.87106017	0.008	2.040	583.333	1190.000	595.000	1213.800	7.735
10	2	Monti	S1	230	2	Down	38.3	50	2.7	80	0.769	0.054	709.2592593	*	0.010	1.600	709.259	1134.815	567.407	907.852	9.613
11	2	Narrikup	S1	230	2	Up	85	50	3.8	120	0.842	0.076	1118.421053	38.86266577	0.007	2.400	1118.421	2684.211	1342.105	3221.053	7.017
11	2	Narrikup	S1	230	2	Down	45.5	50	3.2	134	1.19	0.064	710.9375	*	0.009	2.680	710.938	1905.313	952.656	2553.119	8.881
12	2	Leura	S1	230	2	Up	24.1	50	2.8	126	0.87	0.056	430.3571429	86.65836274	0.007	2.520	430.357	1084.500	542.250	1366.470	6.905
12	2	Leura	S1	230	2	Down	178.9	50	3.2	114	0.944	0.064	2795.3125	*	0.008	2.280	2795.313	6373.313	3186.656	7265.576	8.281
13	3	Woogenellup	S1	230	2	Up	65.2	50	2	144	0.742	0.04	1630	32.33274788	0.005	2.880	1630.000	4694.400	2347.200	6759.936	5.153
13	3	Woogenellup	S1	230	2	Down	40.5	50	2.6	170	1.036	0.052	778.8461538	*	0.006	3.400	778.846	2648.077	1324.038	4501.731	6.094
14	3	Antas 	S1	230	2	Up	272.2	50	6.2	150	1.29	0.124	2195.16129	6.506888524	0.009	3.000	2195.161	6585.484	3292.742	9878.226	8.600
14	3	Antas 	S1	230	2	Down	11	50	3.6	124	1.126	0.072	152.7777778	*	0.009	2.480	152.778	378.889	189.444	469.822	9.081
15	3	Monti	S1	230	2	Up	62.1	50	2.8	127	1.15	0.056	1108.928571	54.09294761	0.009	2.540	1108.929	2816.679	1408.339	3577.182	9.055
15	3	Monti	S1	230	2	Down	78.4	50	3	88	0.75	0.06	1306.666667	*	0.009	1.760	1306.667	2299.733	1149.867	2023.765	8.523
16	3	Narrikup	S1	230	2	Up	39	50	2.4	136	0.864	0.048	812.5	52.04131825	0.006	2.720	812.500	2210.000	1105.000	3005.600	6.353
16	3	Narrikup	S1	230	2	Down	52.9	50	3	124	0.898	0.06	881.6666667	*	0.007	2.480	881.667	2186.533	1093.267	2711.301	7.242
17	3	Denmark	S1	230	2	Up	25.5	50	2.8	124	0.894	0.056	455.3571429	69.10963053	0.007	2.480	455.357	1129.286	564.643	1400.314	7.210
17	3	Denmark	S1	230	2	Down	65.2	50	3.2	166	1.24	0.064	1018.75	*	0.007	3.320	1018.750	3382.250	1691.125	5614.535	7.470
18	3	Leura	S1	230	2	Up	26.3	50	2.8	168	1.12	0.056	469.6428571	88.08729669	0.007	3.360	469.643	1578.000	789.000	2651.040	6.667
18	3	Leura	S1	230	2	Down	152.8	50	2.2	126	0.891	0.044	3472.727273	*	0.007	2.520	3472.727	8751.273	4375.636	11026.604	7.071
19	1	Narrikup	S2	214	0.3	Up	39.91	50	2.8	149	1.07	0.056	712.6785714	55.83138388	0.007	2.980	712.679	2123.782	7079.274	21096.236	7.181
19	1	Narrikup	S2	214	0.3	Down	52.25	50	2.9	150	0.837	0.058	900.862069	*	0.006	3.000	900.862	2702.586	9008.621	27025.862	5.580
20	1	Monti	S2	214	0.3	Up	39.4	50	2.8	125	1.1	0.056	703.5714286	56.63057304	0.009	2.500	703.571	1758.929	5863.095	14657.738	8.800
20	1	Monti	S2	214	0.3	Down	49.61	50	2.7	139	1.001	0.054	918.7037037	*	0.007	2.780	918.704	2553.996	8513.321	23667.032	7.201
21	1	Woogenellup	S2	214	0.3	Up	45.16	50	2.6	227	1.265	0.052	868.4615385	69.02641716	0.006	4.540	868.462	3942.815	13142.718	59667.939	5.573
21	1	Woogenellup	S2	214	0.3	Down	92.9	50	2.4	194	1.034	0.048	1935.416667	*	0.005	3.880	1935.417	7509.417	25031.389	97121.789	5.330
22	1	Leura	S2	214	0.3	Up	39.78	50	4	185	1.542	0.08	497.25	55.16290295	0.008	3.700	497.250	1839.825	6132.750	22691.175	8.335
22	1	Leura	S2	214	0.3	Down	41.6	50	3.4	170	1.326	0.068	611.7647059	*	0.008	3.400	611.765	2080.000	6933.333	23573.333	7.800
23	1	Denmark	S2	214	0.3	Up	43.73	50	3.7	171	1.522	0.074	590.9459459	57.35128704	0.009	3.420	590.946	2021.035	6736.784	23039.801	8.901
23	1	Denmark	S2	214	0.3	Down	71.52	50	4.5	140	1.225	0.09	794.6666667	*	0.009	2.800	794.667	2225.067	7416.889	20767.289	8.750
24	1	Antas 	S2	214	0.3	Up	127.62	50	6.1	184	2.165	0.122	1046.065574	11.64571515	0.012	3.680	1046.066	3849.521	12831.738	47220.795	11.766
24	1	Antas 	S2	214	0.3	Down	18.2	50	6.6	174	1.993	0.132	137.8787879	*	0.011	3.480	137.879	479.818	1599.394	5565.891	11.454
25	2	Leura	S2	214	0.3	Up	10.33	50	2.7	146	0.726	0.054	191.2962963	59.39830204	0.005	2.920	191.296	558.585	1861.951	5436.896	4.973
25	2	Leura	S2	214	0.3	Down	19.59	50	3.5	174	1.088	0.07	279.8571429	*	0.006	3.480	279.857	973.903	3246.343	11297.273	6.253
26	2	Woogenellup	S2	214	0.3	Up	10.54	50	3.1	206	1.106	0.062	170	90.44477028	0.005	4.120	170.000	700.400	2334.667	9618.827	5.369
26	2	Woogenellup	S2	214	0.3	Down	74.02	50	2.3	204	1.271	0.046	1609.130435	*	0.006	4.080	1609.130	6565.252	21884.174	89287.430	6.230
27	2	Denmark	S2	214	0.3	Up	7.42	50	3.1	164	1.234	0.062	119.6774194	67.03199052	0.008	3.280	119.677	392.542	1308.473	4291.792	7.524
27	2	Denmark	S2	214	0.3	Down	23.36	50	4.8	153	1.295	0.096	243.3333333	*	0.008	3.060	243.333	744.600	2482.000	7594.920	8.464
28	2	Narrikup	S2	214	0.3	Up	21.7	50	2.7	156	1.073	0.054	401.8518519	65.7323332	0.007	3.120	401.852	1253.778	4179.259	13039.289	6.878
28	2	Narrikup	S2	214	0.3	Down	55.5	50	3.6	150	1.26	0.072	770.8333333	*	0.008	3.000	770.833	2312.500	7708.333	23125.000	8.400
29	2	Antas 	S2	214	0.3	Up	117.75	50	5.6	127	1.71	0.112	1051.339286	23.30195294	0.013	2.540	1051.339	2670.402	8901.339	22609.402	13.465
29	2	Antas 	S2	214	0.3	Down	32.58	50	5.1	138	1.548	0.102	319.4117647	*	0.011	2.760	319.412	881.576	2938.588	8110.504	11.217
30	2	Monti	S2	214	0.3	Up	23.91	50	2.4	124	1.042	0.048	498.125	30.66981484	0.008	2.480	498.125	1235.350	4117.833	10212.227	8.403
30	2	Monti	S2	214	0.3	Down	12.34	50	2.8	127	1.179	0.056	220.3571429	*	0.009	2.540	220.357	559.707	1865.690	4738.854	9.283
31	3	Denmark	S2	214	0.3	Up	25.31	50	4	155	1.364	0.08	316.375	70.11545589	0.009	3.100	316.375	980.763	3269.208	10134.546	8.800
31	3	Denmark	S2	214	0.3	Down	68.29	50	4.6	150	1.335	0.092	742.2826087	*	0.009	3.000	742.283	2226.848	7422.826	22268.478	8.900
32	3	Antas 	S2	214	0.3	Up	53.79	50	5.9	181	2.142	0.118	455.8474576	41.92136088	0.012	3.620	455.847	1650.168	5500.559	19912.025	11.834
32	3	Antas 	S2	214	0.3	Down	40.8	50	6.2	143	1.895	0.124	329.0322581	*	0.013	2.860	329.032	941.032	3136.774	8971.174	13.252
33	3	Monti	S2	214	0.3	Up	13.08	50	2	123	0.945	0.04	327	49.68585716	0.008	2.460	327.000	804.420	2681.400	6596.244	7.683
33	3	Monti	S2	214	0.3	Down	15.5	50	2.4	122	1.011	0.048	322.9166667	*	0.008	2.440	322.917	787.917	2626.389	6408.389	8.287
34	3	Woogenellup	S2	214	0.3	Up	9.42	50	2.2	187	0.952	0.044	214.0909091	82.96777424	0.005	3.740	214.091	800.700	2669.000	9982.060	5.091
34	3	Woogenellup	S2	214	0.3	Down	54.23	50	2.6	169	1.07	0.052	1042.884615	*	0.006	3.380	1042.885	3524.950	11749.833	39714.437	6.331
35	3	Leura	S2	214	0.3	Up	38.08	50	3.7	112	1.502	0.074	514.5945946	67.8334105	0.013	2.240	514.595	1152.692	3842.306	8606.766	13.411
35	3	Leura	S2	214	0.3	Down	117.2	50	5.4	162	1.48	0.108	1085.185185	*	0.009	3.240	1085.185	3516.000	11720.000	37972.800	9.136
36	3	Narrikup	S2	214	0.3	Up	16.32	50	3	135	1.088	0.06	272	58.34797099	0.008	2.700	272.000	734.400	2448.000	6609.600	8.059
36	3	Narrikup	S2	214	0.3	Down	25.91	50	3.4	138	1.187	0.068	381.0294118	*	0.009	2.760	381.029	1051.641	3505.471	9675.099	8.601
37	1	Denmark	S3	191	0.2	Up	77.431	50	2.531	162	1.132	0.05062	1529.652311	17.19449764	0.007	3.240	1529.652	4956.073	24780.367	80288.391	6.988
37	1	Denmark	S3	191	0.2	Down	35.13	50	5.53	203	1.656	0.1106	317.6311031	*	0.008	4.060	317.631	1289.582	6447.911	26178.520	8.158
38	1	Antas 	S3	182	0.2	Up	136.402	50	4.202	200	1.355	0.08404	1623.060447	20.95430992	0.007	4.000	1623.060	6492.242	32461.209	129844.836	6.775
38	1	Antas 	S3	182	0.2	Down	42.544	50	4.944	147	1.375	0.09888	430.2588997	*	0.009	2.940	430.259	1264.961	6324.806	18594.929	9.354
39	1	Woogenellup	S3	182	0.2	Up	43.886	50	2.586	216	1.296	0.05172	848.5305491	61.65955392	0.006	4.320	848.531	3665.652	18328.260	79178.083	6.000
39	1	Woogenellup	S3	182	0.2	Down	91.866	50	3.366	237	1.589	0.06732	1364.616756	*	0.007	4.740	1364.617	6468.283	32341.417	153298.317	6.705
40	1	Leura	S3	191	0.2	Up	41.31	50	3.01	185	1.438	0.0602	686.2126246	64.25227826	0.008	3.700	686.213	2538.987	12694.934	46971.254	7.773
40	1	Leura	S3	191	0.2	Down	78.69	50	3.19	163	1.444	0.0638	1233.38558	*	0.009	3.260	1233.386	4020.837	20104.185	65539.643	8.859
41	1	Narrikup	S3	174	0.2	Up	60.1	50	3.7	151	1.506	0.074	812.1621622	52.39132587	0.010	3.020	812.162	2452.730	12263.649	37036.219	9.974
41	1	Narrikup	S3	174	0.2	Down	71.5	50	4	158	1.493	0.08	893.75	*	0.009	3.160	893.750	2824.250	14121.250	44623.150	9.449
42	1	Monti	S3	174	0.2	Up	82.3	50	3.2	140	1.412	0.064	1285.9375	33.70075646	0.010	2.800	1285.938	3600.625	18003.125	50408.750	10.086
42	1	Monti	S3	174	0.2	Down	53.6	50	4.1	133	1.553	0.082	653.6585366	*	0.012	2.660	653.659	1738.732	8693.659	23125.132	11.677
43	2	Woogenellup	S3	182	0.2	Up	78.371	50	2.371	213	1.133	0.04742	1652.699283	25.91027127	0.005	4.260	1652.699	7040.499	35202.495	149962.628	5.319
43	2	Woogenellup	S3	182	0.2	Down	31.199	50	2.699	222	1.34	0.05398	577.9733235	*	0.006	4.440	577.973	2566.202	12831.008	56969.675	6.036
44	2	Leura	S3	191	0.2	Up	12.32	50	3.32	191	1.236	0.0664	185.5421687	88.65561694	0.006	3.820	185.542	708.771	3543.855	13537.528	6.471
44	2	Leura	S3	191	0.2	Down	87	50	3	177	1.5	0.06	1450	*	0.008	3.540	1450.000	5133.000	25665.000	90854.100	8.475
45	2	Narrikup	S3	174	0.2	Up	49.1	50	3.4	176	1.43	0.068	722.0588235	60.86469486	0.008	3.520	722.059	2541.647	12708.235	44732.988	8.125
45	2	Narrikup	S3	174	0.2	Down	83.1	50	3.7	164	1.567	0.074	1122.972973	*	0.010	3.280	1122.973	3683.351	18416.757	60406.962	9.555
46	2	Antas 	S3	182	0.2	Up	113.066	50	5.583	152	1.725	0.11166	1012.591797	51.07918945	0.011	3.040	1012.592	3078.279	15391.395	46789.842	11.349
46	2	Antas 	S3	182	0.2	Down	125.117	50	5.917	138	1.599	0.11834	1057.267196	*	0.012	2.760	1057.267	2918.057	14590.287	40269.193	11.587
47	2	Denmark	S3	191	0.2	Up	87.51	50	3.31	191	1.565	0.0662	1321.903323	24.07004177	0.008	3.820	1321.903	5049.671	25248.353	96448.710	8.194
47	2	Denmark	S3	191	0.2	Down	35.2	50	4.2	169	1.623	0.084	419.047619	*	0.010	3.380	419.048	1416.381	7081.905	23936.838	9.604
48	2	Monti	S3	174	0.2	Up	75.1	50	3	117	1.233	0.06	1251.666667	28.19430517	0.011	2.340	1251.667	2928.900	14644.500	34268.130	10.538
48	2	Monti	S3	174	0.2	Down	40.3	50	4.1	142	1.382	0.082	491.4634146	*	0.010	2.840	491.463	1395.756	6978.780	19819.737	9.732
49	3	Leura	S3	191	0.2	Up	11.06	50	4.26	200	1.446	0.0852	129.8122066	88.53630145	0.007	4.000	129.812	519.249	2596.244	10384.977	7.230
49	3	Leura	S3	191	0.2	Down	78.2	50	3.9	189	1.577	0.078	1002.564103	*	0.008	3.780	1002.564	3789.692	18948.462	71625.185	8.344
50	3	Woogenellup	S3	182	0.2	Up	36.45	50	2.45	196	1.116	0.049	743.877551	57.39312751	0.006	3.920	743.878	2916.000	14580.000	57153.600	5.694
50	3	Woogenellup	S3	182	0.2	Down	54.731	50	2.731	228	1.298	0.05462	1002.032223	*	0.006	4.560	1002.032	4569.267	22846.335	104179.286	5.693
51	3	Antas 	S3	182	0.2	Up	90.246	50	5.473	161	1.865	0.10946	824.4655582	23.49309666	0.012	3.220	824.466	2654.779	13273.895	42741.943	11.584
51	3	Antas 	S3	182	0.2	Down	38.016	50	7.508	179	2.295	0.15016	253.1699521	*	0.013	3.580	253.170	906.348	4531.742	16223.637	12.821
52	3	Monti	S3	174	0.2	Up	35.3	50	2.7	135	1.129	0.054	653.7037037	21.62397907	0.008	2.700	653.704	1765.000	8825.000	23827.500	8.363
52	3	Monti	S3	174	0.2	Down	10.1	50	2.8	125	1.133	0.056	180.3571429	*	0.009	2.500	180.357	450.893	2254.464	5636.161	9.064
53	3	Narrikup	S3	174	0.2	Up	78.5	50	3.1	136	1.274	0.062	1266.129032	56.1923856	0.009	2.720	1266.129	3443.871	17219.355	46836.645	9.368
53	3	Narrikup	S3	174	0.2	Down	87.7	50	2.7	150	1.372	0.054	1624.074074	*	0.009	3.000	1624.074	4872.222	24361.111	73083.333	9.147
54	3	Denmark	S3	191	0.2	Up	37.35	50	2.75	149	1.141	0.055	679.0909091	57.65700655	0.008	2.980	679.091	2023.691	10118.455	30152.995	7.658
54	3	Denmark	S3	191	0.2	Down	45.458	50	2.458	143	0.944	0.04916	924.6948739	*	0.007	2.860	924.695	2644.627	13223.137	37818.171	6.601
55	1	Narrikup	S4	197	0.1	Up	37.71	50	2.079	165	0.841	0.04158	906.9264069	14.82718854	0.005	3.300	906.926	2992.857	29928.571	98764.286	5.097
55	1	Narrikup	S4	197	0.1	Down	12.1	50	3.832	186	1.86	0.07664	157.8810021	*	0.010	3.720	157.881	587.317	5873.173	21848.205	10.000
56	1	Antas 	S4	197	0.1	Up	7.99	50	2.515	88	0.8132	0.0503	158.8469185	7.564872338	0.009	1.760	158.847	279.571	2795.706	4920.442	9.241
56	1	Antas 	S4	197	0.1	Down	0.49	13	0.49	32	0.285	0.037692308	13	*	0.009	2.462	13.000	32.000	320.000	787.692	8.906
57	1	Denmark	S4	197	0.1	Up	5.7	50	2.31	278	1.717	0.0462	123.3766234	22.09922099	0.006	5.560	123.377	685.974	6859.740	38140.156	6.176
57	1	Denmark	S4	197	0.1	Down	1.5	35	1.5	113	0.4478	0.042857143	35	*	0.004	3.229	35.000	113.000	1130.000	3648.286	3.963
58	1	Leura	S4	197	0.1	Up	2.32	50	2.088	227	1.7	0.04176	55.55555556	9.747292419	0.007	4.540	55.556	252.222	2522.222	11450.889	7.489
58	1	Leura	S4	197	0.1	Down	0.09	6	0.09	17	0.058	0.015	6	*	0.003	2.833	6.000	17.000	170.000	481.667	3.412
59	1	Monti	S4	197	0.1	Up	24.25	50	2.592	193	1.181	0.05184	467.7854938	48.51550734	0.006	3.860	467.785	1805.652	18056.520	69698.167	6.119
59	1	Monti	S4	197	0.1	Down	26.14	50	2.965	118	1.432	0.0593	440.8094435	*	0.012	2.360	440.809	1040.310	10403.103	24551.323	12.136
60	1	Woogenellup	S4	197	0.1	Up	9.12	50	1.71	196	1.27	0.0342	266.6666667	9.194097616	0.006	3.920	266.667	1045.333	10453.333	40977.067	6.480
60	1	Woogenellup	S4	197	0.1	Down	0.44	27	0.44	73	0.285	0.016296296	27	*	0.004	2.704	27.000	73.000	730.000	1973.704	3.904
61	2	Antas 	S4	197	0.1	Up	14.23	50	3.252	117	1.347	0.06504	218.7884379	15.12868472	0.012	2.340	218.788	511.965	5119.649	11979.980	11.513
61	2	Antas 	S4	197	0.1	Down	2.36	39	2.36	151	1.241	0.060512821	39	*	0.008	3.872	39.000	151.000	1510.000	5846.410	8.219
62	2	Woogenellup	S4	197	0.1	Up	8.36	50	1.413	261	1.482	0.02826	295.8244869	4.825874612	0.006	5.220	295.824	1544.204	15442.038	80607.439	5.678
62	2	Woogenellup	S4	197	0.1	Down	0.26	15	0.26	61	0.354	0.017333333	15	*	0.006	4.067	15.000	61.000	610.000	2480.667	5.803
63	2	Narrikup	S4	197	0.1	Up	23.93	50	2.389	163	0.766	0.04778	500.8371704	27.49098647	0.005	3.260	500.837	1632.729	16327.292	53226.971	4.699
63	2	Narrikup	S4	197	0.1	Down	10.74	50	2.828	177	1.71	0.05656	189.8868458	*	0.010	3.540	189.887	672.199	6721.994	23795.860	9.661
64	2	Leura	S4	197	0.1	Up	0.7	28	0.7	61	0.358	0.025	28	3.448275862	0.006	2.179	28.000	61.000	610.000	1328.929	5.869
64	2	Leura	S4	197	0.1	Down	0.03	1	0.03	3	0.005	0.03	1	*	0.002	3.000	1.000	3.000	30.000	90.000	1.667
65	2	Denmark	S4	197	0.1	Up	0.97	27	0.97	93	0.6882	0.035925926	27	18.18181818	0.007	3.444	27.000	93.000	930.000	3203.333	7.400
65	2	Denmark	S4	197	0.1	Down	0.08	6	0.08	15	0.041	0.013333333	6	*	0.003	2.500	6.000	15.000	150.000	375.000	2.733
66	2	Monti	S4	197	0.1	Up	37.07	50	2.612	161	1.812	0.05224	709.6094946	46.55463408	0.011	3.220	709.609	2284.943	22849.426	73575.151	11.255
66	2	Monti	S4	197	0.1	Down	32.34	50	2.616	122	0.99132	0.05232	618.1192661	*	0.008	2.440	618.119	1508.211	15082.110	36800.349	8.126
67	3	Leura	S4	197	0.1	Up	0.63	29	0.63	61	0.272	0.021724138	29	49.12280702	0.004	2.103	29.000	61.000	610.000	1283.103	4.459
67	3	Leura	S4	197	0.1	Down	0.95	28	0.95	63	0.139	0.033928571	28	*	0.002	2.250	28.000	63.000	630.000	1417.500	2.206
68	3	Monti	S4	197	0.1	Up	26.9	50	1.206	155	0.8122	0.02412	1115.257048	31.33548526	0.005	3.100	1115.257	3457.297	34572.968	107176.202	5.240
68	3	Monti	S4	197	0.1	Down	24.44	50	2.401	99	1.176	0.04802	508.9546022	*	0.012	1.980	508.955	1007.730	10077.301	19953.056	11.879
69	3	Narrikup	S4	197	0.1	Up	28.26	50	2.811	199	1.224	0.05622	502.6680896	29.92312622	0.006	3.980	502.668	2000.619	20006.190	79624.636	6.151
69	3	Narrikup	S4	197	0.1	Down	21.55	50	5.02	179	1.915	0.1004	214.6414343	*	0.011	3.580	214.641	768.416	7684.163	27509.305	10.698
70	3	Antas 	S4	197	0.1	Up	5.13	50	3.013	105	1.073	0.06026	85.13109857	18.24623024	0.010	2.100	85.131	178.775	1787.753	3754.281	10.219
70	3	Antas 	S4	197	0.1	Down	1.4	19	1.4	52	0.64	0.073684211	19	*	0.012	2.737	19.000	52.000	520.000	1423.158	12.308
71	3	Woogenellup	S4	197	0.1	Up	8.2	50	1.93	203	1.289	0.0386	212.4352332	17.48012479	0.006	4.060	212.435	862.487	8624.870	35016.974	6.350
71	3	Woogenellup	S4	197	0.1	Down	1.1	45	1.1	102	0.665	0.024444444	45	*	0.007	2.267	45.000	102.000	1020.000	2312.000	6.520
72	3	Denmark	S4	197	0.1	Up	8.24	50	2.055	130	1.0244	0.0411	200.486618	13.01594004	0.008	2.600	200.487	521.265	5212.652	13552.895	7.880
72	3	Denmark	S4	197	0.1	Down	0.6	30	0.6	72	0.4377	0.02	30	*	0.006	2.400	30.000	72.000	720.000	1728.000	6.079
