SowingDate	Date	DAS	Sowtreat	Cultivar	Block 	Plot	Parameter 	DWBulk_grams_0.1m2	DWSubclover_g	DWWeed_g	DWWenesced_g	TotalBulk+subsample	Sumsubsample	Perc_Subclover	Perc_Weeds	Perc_Senesced	Perc_Total	DWBulk_kgha	DWSubcloverkgha	DWWeedskgha
28/07/2015	12/09/2015	46.00	S2	Narrikup	1	19	yieldcutQuadrat0.1m2	32.1	3.7	5.7	0.5	42	9.90	37.37	57.58	5.05	100.00	4200.00	1569.70	903.76
28/07/2015	12/09/2015	46.00	S2	Monti	1	20	yieldcutQuadrat0.1m2	51.9	4.1	0.4	0.9	57.3	5.40	75.93	7.41	16.67	100.00	5190.00	3940.56	291.89
28/07/2015	12/09/2015	46.00	S2	Woogenellup	1	21	yieldcutQuadrat0.1m2	87.5	3.2	2.2	0.5	93.4	5.90	54.24	37.29	8.47	100.00	8750.00	4745.76	1769.61
28/07/2015	12/09/2015	46.00	S2	Leura	1	22	yieldcutQuadrat0.1m2	30.1	2.7	0.1	0.3	33.2	3.10	87.10	3.23	9.68	100.00	3010.00	2621.61	84.57
28/07/2015	12/09/2015	46.00	S2	Denmark	1	23	yieldcutQuadrat0.1m2	27.4	1.9	1.2	0.2	30.7	3.30	57.58	36.36	6.06	100.00	2740.00	1577.58	573.66
28/07/2015	12/09/2015	46.00	S2	Antas 	1	24	yieldcutQuadrat0.1m2	75.1	8.2	0.1	1.5	84.9	9.80	83.67	1.02	15.31	100.00	7510.00	6283.88	64.12
28/07/2015	12/09/2015	46.00	S2	Leura	2	25	yieldcutQuadrat0.1m2	70.4	3.2	1.1	0.1	74.8	4.40	72.73	25.00	2.27	100.00	7040.00	5120.00	1280.00
28/07/2015	12/09/2015	46.00	S2	Woogenellup	2	26	yieldcutQuadrat0.1m2	43.9	4.1	0.5	0.4	48.9	5.00	82.00	10.00	8.00	100.00	4390.00	3599.80	359.98
28/07/2015	12/09/2015	46.00	S2	Denmark	2	27	yieldcutQuadrat0.1m2	38.1	1.9	0.6	0.4	41	2.90	65.52	20.69	13.79	100.00	3810.00	2496.21	516.46
28/07/2015	12/09/2015	46.00	S2	Narrikup	2	28	yieldcutQuadrat0.1m2	61	3.5	0.2	0.6	65.3	4.30	81.40	4.65	13.95	100.00	6530.00	5315.12	247.21
28/07/2015	12/09/2015	46.00	S2	Antas 	2	29	yieldcutQuadrat0.1m2	118.8	11.2	0.57	2.05	132.62	13.82	81.04	4.12	14.83	100.00	11880.00	9627.79	397.09
28/07/2015	12/09/2015	46.00	S2	Monti	2	30	yieldcutQuadrat0.1m2	33.2	2.1	2.24	1.06	38.6	5.40	38.89	41.48	19.63	100.00	3320.00	1291.11	535.57
28/07/2015	12/09/2015	46.00	S2	Denmark	3	31	yieldcutQuadrat0.1m2	37.9	2.3	1.75	0.36	42.31	4.41	52.15	39.68	8.16	100.00	3790.00	1976.64	784.38
28/07/2015	12/09/2015	46.00	S2	Antas 	3	32	yieldcutQuadrat0.1m2	84.7	7.4	0.59	1.1	93.79	9.09	81.41	6.49	12.10	100.00	8470.00	6895.27	447.55
28/07/2015	12/09/2015	46.00	S2	Monti	3	33	yieldcutQuadrat0.1m2	60.9	2.4	2.01	0.59	65.9	5.00	48.00	40.20	11.80	100.00	6090.00	2923.20	1175.13
28/07/2015	12/09/2015	46.00	S2	Woogenellup	3	34	yieldcutQuadrat0.1m2	47.3	2.2	0.88	0.39	50.77	3.47	63.40	25.36	11.24	100.00	4730.00	2998.85	760.51
28/07/2015	12/09/2015	46.00	S2	Leura	3	35	yieldcutQuadrat0.1m2	29.9	2.6	0.38	0.42	33.3	3.40	76.47	11.18	12.35	100.00	2990.00	2286.47	255.55
28/07/2015	12/09/2015	46.00	S2	Narrikup	3	36	yieldcutQuadrat0.1m2	22.2	1.8	0.95	0.22	25.17	2.97	60.61	31.99	7.41	100.00	2517.00	1525.45	487.94
5/11/2015	29/01/2016	85.00	S4	Narrikup	1	55	yieldcutQuadrat0.1m2	93.24	67	1.5	7.5	169.24	76.00	88.16	1.97	9.87	100.00	16924.00	14919.84	294.47
5/11/2015	3/02/2016	90.00	S4	Antas 	1	56	yieldcutQuadrat0.1m2	192.1	25	0.1	1.3	218.5	26.40	94.70	0.38	4.92	100.00	19210.00	18191.29	68.91
5/11/2015	19/02/2016	106.00	S4	Denmark	1	57	yieldcutQuadrat0.1m2	35.8	10	0.9	1.2	47.9	12.10	82.64	7.44	9.92	100.00	3580.00	2958.68	220.07
5/11/2015	19/02/2016	106.00	S4	Leura	1	58	yieldcutQuadrat0.1m2	63.2	14.1	0.1	2.1	79.5	16.30	86.50	0.61	12.88	100.00	6320.00	5466.99	33.54
5/11/2015	29/01/2016	85.00	S4	Monti	1	59	yieldcutQuadrat0.1m2	203.76	78.5	1.68	1.68	285.62	81.86	95.90	2.05	2.05	100.00	20376.00	19539.65	401.01
5/11/2015	3/02/2016	90.00	S4	Woogenellup	1	60	yieldcutQuadrat0.1m2	97.5	24.7	2.3	1.3	125.8	28.30	87.28	8.13	4.59	100.00	9750.00	8509.72	691.60
5/11/2015	3/02/2016	90.00	S4	Antas 	2	61	yieldcutQuadrat0.1m2	227.1	26.9	1.1	4.7	259.8	32.70	82.26	3.36	14.37	100.00	22710.00	18681.93	628.44
5/11/2015	3/02/2016	90.00	S4	Woogenellup	2	62	yieldcutQuadrat0.1m2	82	15	1.3	3.7	102	20.00	75.00	6.50	18.50	100.00	8200.00	6150.00	399.75
5/11/2015	29/01/2016	85.00	S4	Narrikup	2	63	yieldcutQuadrat0.1m2	119.3	93.5	2	2	216.8	97.50	95.90	2.05	2.05	100.00	21680.00	20790.56	426.47
5/11/2015	19/02/2016	106.00	S4	Leura	2	64	yieldcutQuadrat0.1m2	75.1	12.4	0.3	1.1	88.9	13.80	89.86	2.17	7.97	100.00	7510.00	6748.12	146.70
5/11/2015	19/02/2016	106.00	S4	Denmark	2	65	yieldcutQuadrat0.1m2	66.2	13.6	0.2	1.9	81.9	15.70	86.62	1.27	12.10	100.00	6620.00	5734.52	73.05
5/11/2015	29/01/2016	85.00	S4	Monti	2	66	yieldcutQuadrat0.1m2	170	80	1	2.3	253.3	83.30	96.04	1.20	2.76	100.00	17000.00	16326.53	196.00
5/11/2015	19/02/2016	106.00	S4	Leura	3	67	yieldcutQuadrat0.1m2	77	15.9	0.7	0.6	94.2	17.20	92.44	4.07	3.49	100.00	7700.00	7118.02	289.69
5/11/2015	29/01/2016	85.00	S4	Monti	3	68	yieldcutQuadrat0.1m2	188.7	79	2	5.8	275.5	86.80	91.01	2.30	6.68	100.00	18870.00	17174.31	395.72
5/11/2015	29/01/2016	85.00	S4	Narrikup	3	69	yieldcutQuadrat0.1m2	164.7	95	0.25	14.8	274.75	110.05	86.32	0.23	13.45	100.00	27475.00	23717.63	53.88
5/11/2015	3/02/2016	90.00	S4	Antas 	3	70	yieldcutQuadrat0.1m2	285	27.3	0.1	3.1	315.5	30.50	89.51	0.33	10.16	100.00	28500.00	25509.84	83.64
5/11/2015	3/02/2016	90.00	S4	Woogenellup	3	71	yieldcutQuadrat0.1m2	73	21.9	0.7	3.8	99.4	26.40	82.95	2.65	14.39	100.00	7300.00	6055.68	160.57
5/11/2015	19/02/2016	106.00	S4	Denmark	3	72	yieldcutQuadrat0.1m2	41.9	9.9	0.4	1.5	53.7	11.80	83.90	3.39	12.71	100.00	4190.00	3515.34	119.16
17/02/2016	13/10/2016	239.00	S6	Denmark	1	91	yieldcutQuadrat0.1m2	58	8.4	0.7	0.7	67.8	9.80	85.71	7.14	7.14	100.00	5800.00	4971.43	355.10
17/02/2016	13/07/2016	147.00	S6	Monti	1	92	yieldcutQuadrat0.1m2	28.3	7.9	0.3	1.7	38.2	9.90	79.80	3.03	17.17	100.00	2830.00	2258.28	68.43
17/02/2016	12/09/2016	208.00	S6	Woogenellup	1	93	yieldcutQuadrat0.1m2	62	18.9	0.14	1.1	82.14	20.14	93.84	0.70	5.46	100.00	6200.00	5818.27	40.44
17/02/2016	13/10/2016	239.00	S6	Leura	1	94	yieldcutQuadrat0.1m2	49	12.9	0.7	1.1	63.7	14.70	87.76	4.76	7.48	100.00	4900.00	4300.00	204.76
17/02/2016	27/09/2016	223.00	S6	Antas 	1	95	yieldcutQuadrat0.1m2	63	13.7	0.2	3	79.9	16.90	81.07	1.18	17.75	100.00	6300.00	5107.10	60.44
17/02/2016	13/07/2016	147.00	S6	Narrikup	2	96	yieldcutQuadrat0.1m2	18.3	5.2	0.1	0.5	24.1	5.80	89.66	1.72	8.62	100.00	2410.00	2160.69	37.25
17/02/2016	13/10/2016	239.00	S6	Leura	2	97	yieldcutQuadrat0.1m2	51	11.5	0.3	1.3	64.1	13.10	87.79	2.29	9.92	100.00	5100.00	4477.10	102.53
17/02/2016	13/07/2016	147.00	S6	Monti	2	98	yieldcutQuadrat0.1m2	55.7	7.5	0.02	0.7	63.92	8.22	91.24	0.24	8.52	100.00	5570.00	5082.12	12.37
17/02/2016	12/09/2016	208.00	S6	Woogenellup	2	99	yieldcutQuadrat0.1m2	68.5	17.9	0.39	0.56	87.35	18.85	94.96	2.07	2.97	100.00	6850.00	6504.77	134.58
17/02/2016	13/10/2016	239.00	S6	Denmark	2	100	yieldcutQuadrat0.1m2	50	11.6	0.6	1	63.2	13.20	87.88	4.55	7.58	100.00	5000.00	4393.94	199.72
17/02/2016	13/07/2016	147.00	S6	Narrikup	2	101	yieldcutQuadrat0.1m2	20.1	6.1	0.1	2.2	28.5	8.40	72.62	1.19	26.19	100.00	2850.00	2069.64	24.64
17/02/2016	27/09/2016	223.00	S6	Antas 	3	102	yieldcutQuadrat0.1m2	106	9.4	0.1	1	116.5	10.50	89.52	0.95	9.52	100.00	11650.00	10429.52	99.33
17/02/2016	12/09/2016	208.00	S6	Woogenellup	3	103	yieldcutQuadrat0.1m2	47	17.37	1.09	2.08	67.54	20.54	84.57	5.31	10.13	100.00	4700.00	3974.63	210.92
17/02/2016	13/10/2016	239.00	S6	Leura	3	104	yieldcutQuadrat0.1m2	39	8.2	0.8	0.7	48.7	9.70	84.54	8.25	7.22	100.00	3900.00	3296.91	271.91
17/02/2016	27/09/2016	223.00	S6	Antas 	3	105	yieldcutQuadrat0.1m2	83	9.6	0.3	2.8	95.7	12.70	75.59	2.36	22.05	100.00	8300.00	6274.02	148.21
17/02/2016	13/10/2016	239.00	S6	Denmark	3	106	yieldcutQuadrat0.1m2	36	8.8	2	0.9	47.7	11.70	75.21	17.09	7.69	100.00	3600.00	2707.69	462.85
17/02/2016	13/07/2016	147.00	S6	Narrikup	3	107	yieldcutQuadrat0.1m2	18.1	4.9	0.6	3	26.6	8.50	57.65	7.06	35.29	100.00	2660.00	1533.41	108.24
17/02/2016	13/07/2016	147.00	S6	Monti	3	108	yieldcutQuadrat0.1m2	48	7.8	0.7	0.5	57	9.00	86.67	7.78	5.56	100.00	4800.00	4160.00	323.56
4/05/2016	18/10/2016	167.00	S8	Antas 	1	127	yieldcutQuadrat0.1m2	62	4.2	0.14	0.81	67.15	5.15	81.55	2.72	15.73	100.00	6200.00	5056.31	137.45
4/05/2016	22/10/2016	171.00	S8	Leura	1	128	yieldcutQuadrat0.1m2	61	5.22	0.13	0.34	66.69	5.69	91.74	2.28	5.98	100.00	6100.00	5596.13	127.86
4/05/2016	20/10/2016	169.00	S8	Denmark	1	129	yieldcutQuadrat0.1m2	29	3.27	0.07	0.03	32.37	3.37	97.03	2.08	0.89	100.00	2900.00	2813.95	58.45
4/05/2016	6/10/2016	155.00	S8	Monti	1	130	yieldcutQuadrat0.1m2	5.1	8.5	0.3	0	13.9	8.80	96.59	3.41	0.00	100.00	510.00	492.61	16.79
4/05/2016	27/09/2016	146.00	S8	Narrikup	1	131	yieldcutQuadrat0.1m2	26	5.4	0.1	0.1	31.6	5.60	96.43	1.79	1.79	100.00	2600.00	2507.14	44.77
4/05/2016	18/10/2016	167.00	S8	Woogenellup	2	132	yieldcutQuadrat0.1m2	38	4.79	0.06	0.1	42.95	4.95	96.77	1.21	2.02	100.00	3800.00	3677.17	44.57
4/05/2016	20/10/2016	169.00	S8	Denmark	2	133	yieldcutQuadrat0.1m2	46	3.63	0.13	0.29	50.05	4.05	89.63	3.21	7.16	100.00	4600.00	4122.96	132.34
4/05/2016	18/10/2016	167.00	S8	Woogenellup	2	134	yieldcutQuadrat0.1m2	33	7.77	0.12	1.2	42.09	9.09	85.48	1.32	13.20	100.00	3300.00	2820.79	37.24
4/05/2016	27/09/2016	146.00	S8	Narrikup	2	135	yieldcutQuadrat0.1m2	43	5.5	0.1	0.3	48.9	5.90	93.22	1.69	5.08	100.00	4300.00	4008.47	67.94
4/05/2016	22/10/2016	171.00	S8	Leura	2	136	yieldcutQuadrat0.1m2	53	5.17	0.29	0.11	58.57	5.57	92.82	5.21	1.97	100.00	5300.00	4919.39	256.13
4/05/2016	6/10/2016	155.00	S8	Monti	2	137	yieldcutQuadrat0.1m2	69	9.1	0.1	0.2	78.4	9.40	96.81	1.06	2.13	100.00	6900.00	6679.79	71.06
4/05/2016	18/10/2016	167.00	S8	Antas 	3	138	yieldcutQuadrat0.1m2	72	9.81	0.37	1.02	83.2	11.20	87.59	3.30	9.11	100.00	7200.00	6306.43	208.34
4/05/2016	22/10/2016	171.00	S8	Leura	3	139	yieldcutQuadrat0.1m2	68	7.68	0.05	0.41	76.14	8.14	94.35	0.61	5.04	100.00	6800.00	6415.72	39.41
4/05/2016	6/10/2016	155.00	S8	Monti	3	140	yieldcutQuadrat0.1m2	74	8.9	0	0.1	83	9.00	98.89	0.00	1.11	100.00	7400.00	7317.78	0.00
4/05/2016	18/10/2016	167.00	S8	Woogenellup	3	141	yieldcutQuadrat0.1m2	62	4.04	0.02	0.22	66.28	4.28	94.39	0.47	5.14	100.00	6200.00	5852.34	27.35
4/05/2016	18/10/2016	167.00	S8	Antas 	3	142	yieldcutQuadrat0.1m2	68	8.47	0.06	0.45	76.98	8.98	94.32	0.67	5.01	100.00	6800.00	6413.81	42.85
4/05/2016	20/10/2016	169.00	S8	Denmark	3	143	yieldcutQuadrat0.1m2	58	4.36	0.02	0.15	62.53	4.53	96.25	0.44	3.31	100.00	5800.00	5582.34	24.65
4/05/2016	27/09/2016	146.00	S8	Narrikup	3	144	yieldcutQuadrat0.1m2	37	5	0.1	0.2	42.3	5.30	94.34	1.89	3.77	100.00	3700.00	3490.57	65.86
