SowTreat	Cultivar	Block 	Plot	SowingDate	ReadingDate 	DAS	s1	s2	s3	s4	s5	s6	s7	s8	s9	s10
S1	Antas 	1	1	24/06/2015	24/06/2015	0	0	0	0	0	0	0	0	0	0	0
S1	Monti	1	2	24/06/2015	24/06/2015	0	0	0	0	0	0	0	0	0	0	0
S1	Denmark	1	3	24/06/2015	24/06/2015	0	0	0	0	0	0	0	0	0	0	0
S1	Leura	1	4	24/06/2015	24/06/2015	0	0	0	0	0	0	0	0	0	0	0
S1	Narrikup	1	5	24/06/2015	24/06/2015	0	0	0	0	0	0	0	0	0	0	0
S1	Woogenellup	1	6	24/06/2015	24/06/2015	0	0	0	0	0	0	0	0	0	0	0
S1	Antas 	2	7	24/06/2015	24/06/2015	0	0	0	0	0	0	0	0	0	0	0
S1	Woogenellup	2	8	24/06/2015	24/06/2015	0	0	0	0	0	0	0	0	0	0	0
S1	Denmark	2	9	24/06/2015	24/06/2015	0	0	0	0	0	0	0	0	0	0	0
S1	Monti	2	10	24/06/2015	24/06/2015	0	0	0	0	0	0	0	0	0	0	0
S1	Narrikup	2	11	24/06/2015	24/06/2015	0	0	0	0	0	0	0	0	0	0	0
S1	Leura	2	12	24/06/2015	24/06/2015	0	0	0	0	0	0	0	0	0	0	0
S1	Woogenellup	3	13	24/06/2015	24/06/2015	0	0	0	0	0	0	0	0	0	0	0
S1	Antas 	3	14	24/06/2015	24/06/2015	0	0	0	0	0	0	0	0	0	0	0
S1	Monti	3	15	24/06/2015	24/06/2015	0	0	0	0	0	0	0	0	0	0	0
S1	Narrikup	3	16	24/06/2015	24/06/2015	0	0	0	0	0	0	0	0	0	0	0
S1	Denmark	3	17	24/06/2015	24/06/2015	0	0	0	0	0	0	0	0	0	0	0
S1	Leura	3	18	24/06/2015	24/06/2015	0	0	0	0	0	0	0	0	0	0	0
S1	Antas 	1	1	24/06/2015	7/07/2015	13	0	0	0	0	0	0	0	0	0	0
S1	Monti	1	2	24/06/2015	7/07/2015	13	0	0	0	0	0	0	0	0	0	0
S1	Denmark	1	3	24/06/2015	7/07/2015	13	0	0	0	0	0	0	0	0	0	0
S1	Leura	1	4	24/06/2015	7/07/2015	13	0	0	0	0	0	0	0	0	0	0
S1	Narrikup	1	5	24/06/2015	7/07/2015	13	0	0	0	0	0	0	0	0	0	0
S1	Woogenellup	1	6	24/06/2015	7/07/2015	13	0	0	0	0	0	0	0	0	0	0
S1	Antas 	2	7	24/06/2015	7/07/2015	13	0	0	0	0	0	0	0	0	0	0
S1	Woogenellup	2	8	24/06/2015	7/07/2015	13	0	0	0	0	0	0	0	0	0	0
S1	Denmark	2	9	24/06/2015	7/07/2015	13	0	0	0	0	0	0	0	0	0	0
S1	Monti	2	10	24/06/2015	7/07/2015	13	0	0	0	0	0	0	0	0	0	0
S1	Narrikup	2	11	24/06/2015	7/07/2015	13	0	0	0	0	0	0	0	0	0	0
S1	Leura	2	12	24/06/2015	7/07/2015	13	0	0	0	0	0	0	0	0	0	0
S1	Woogenellup	3	13	24/06/2015	7/07/2015	13	0	0	0	0	0	0	0	0	0	0
S1	Antas 	3	14	24/06/2015	7/07/2015	13	0	0	0	0	0	0	0	0	0	0
S1	Monti	3	15	24/06/2015	7/07/2015	13	0	0	0	0	0	0	0	0	0	0
S1	Narrikup	3	16	24/06/2015	7/07/2015	13	0	0	0	0	0	0	0	0	0	0
S1	Denmark	3	17	24/06/2015	7/07/2015	13	0	0	0	0	0	0	0	0	0	0
S1	Leura	3	18	24/06/2015	7/07/2015	13	0	0	0	0	0	0	0	0	0	0
S1	Antas 	1	1	24/06/2015	18/07/2015	24	0	0	0	0	0	0	0	0	0	0
S1	Monti	1	2	24/06/2015	18/07/2015	24	0	0	0	0	0	0	0	0	0	0
S1	Denmark	1	3	24/06/2015	18/07/2015	24	0	0	0	0	0	0	0	0	0	0
S1	Leura	1	4	24/06/2015	18/07/2015	24	0	0	0	0	0	0	0	0	0	0
S1	Narrikup	1	5	24/06/2015	18/07/2015	24	0	0	0	0	0	0	0	0	0	0
S1	Woogenellup	1	6	24/06/2015	18/07/2015	24	0	0	0	0	0	0	0	0	0	0
S1	Antas 	2	7	24/06/2015	18/07/2015	24	0	0	0	0	0	0	0	0	0	0
S1	Woogenellup	2	8	24/06/2015	18/07/2015	24	0	0	0	0	0	0	0	0	0	0
S1	Denmark	2	9	24/06/2015	18/07/2015	24	0	0	0	0	0	0	0	0	0	0
S1	Monti	2	10	24/06/2015	18/07/2015	24	0	0	0	0	0	0	0	0	0	0
S1	Narrikup	2	11	24/06/2015	18/07/2015	24	0	0	0	0	0	0	0	0	0	0
S1	Leura	2	12	24/06/2015	18/07/2015	24	0	0	0	0	0	0	0	0	0	0
S1	Woogenellup	3	13	24/06/2015	18/07/2015	24	0	0	0	0	0	0	0	0	0	0
S1	Antas 	3	14	24/06/2015	18/07/2015	24	0	0	0	0	0	0	0	0	0	0
S1	Monti	3	15	24/06/2015	18/07/2015	24	0	0	0	0	0	0	0	0	0	0
S1	Narrikup	3	16	24/06/2015	18/07/2015	24	0	0	0	0	0	0	0	0	0	0
S1	Denmark	3	17	24/06/2015	18/07/2015	24	0	0	0	0	0	0	0	0	0	0
S1	Leura	3	18	24/06/2015	18/07/2015	24	0	0	0	0	0	0	0	0	0	0
S1	Antas 	1	1	24/06/2015	29/07/2015	35	0	0	0	0	0	0	0	0	0	0
S1	Monti	1	2	24/06/2015	29/07/2015	35	0	0	0	0	0	0	0	0	0	0
S1	Denmark	1	3	24/06/2015	29/07/2015	35	0	0	0	0	0	0	0	0	0	0
S1	Leura	1	4	24/06/2015	29/07/2015	35	0	0	0	0	0	0	0	0	0	0
S1	Narrikup	1	5	24/06/2015	29/07/2015	35	0	0	0	0	0	0	0	0	0	0
S1	Woogenellup	1	6	24/06/2015	29/07/2015	35	0	0	0	0	0	0	0	0	0	0
S1	Antas 	2	7	24/06/2015	29/07/2015	35	0	0	0	0	0	0	0	0	0	0
S1	Woogenellup	2	8	24/06/2015	29/07/2015	35	0	0	0	0	0	0	0	0	0	0
S1	Denmark	2	9	24/06/2015	29/07/2015	35	0	0	0	0	0	0	0	0	0	0
S1	Monti	2	10	24/06/2015	29/07/2015	35	0	0	0	0	0	0	0	0	0	0
S1	Narrikup	2	11	24/06/2015	29/07/2015	35	0	0	0	0	0	0	0	0	0	0
S1	Leura	2	12	24/06/2015	29/07/2015	35	0	0	0	0	0	0	0	0	0	0
S1	Woogenellup	3	13	24/06/2015	29/07/2015	35	0	0	0	0	0	0	0	0	0	0
S1	Antas 	3	14	24/06/2015	29/07/2015	35	0	0	0	0	0	0	0	0	0	0
S1	Monti	3	15	24/06/2015	29/07/2015	35	0	0	0	0	0	0	0	0	0	0
S1	Narrikup	3	16	24/06/2015	29/07/2015	35	0	0	0	0	0	0	0	0	0	0
S1	Denmark	3	17	24/06/2015	29/07/2015	35	0	0	0	0	0	0	0	0	0	0
S1	Leura	3	18	24/06/2015	29/07/2015	35	0	0	0	0	0	0	0	0	0	0
S1	Antas 	1	1	24/06/2015	8/08/2015	45	0	0	0	0	0	0	0	0	0	0
S1	Monti	1	2	24/06/2015	8/08/2015	45	0	0	0	0	0	0	0	0	0	0
S1	Denmark	1	3	24/06/2015	8/08/2015	45	0	0	0	0	0	0	0	0	0	0
S1	Leura	1	4	24/06/2015	8/08/2015	45	0	0	0	0	0	0	0	0	0	0
S1	Narrikup	1	5	24/06/2015	8/08/2015	45	0	0	0	0	0	0	0	0	0	0
S1	Woogenellup	1	6	24/06/2015	8/08/2015	45	0	0	0	0	0	0	0	0	0	0
S1	Antas 	2	7	24/06/2015	8/08/2015	45	0	0	0	0	0	0	0	0	0	0
S1	Woogenellup	2	8	24/06/2015	8/08/2015	45	0	0	0	0	0	0	0	0	0	0
S1	Denmark	2	9	24/06/2015	8/08/2015	45	0	0	0	0	0	0	0	0	0	0
S1	Monti	2	10	24/06/2015	8/08/2015	45	0	0	0	0	0	0	0	0	0	0
S1	Narrikup	2	11	24/06/2015	8/08/2015	45	0	0	0	0	0	0	0	0	0	0
S1	Leura	2	12	24/06/2015	8/08/2015	45	0	0	0	0	0	0	0	0	0	0
S1	Woogenellup	3	13	24/06/2015	8/08/2015	45	0	0	0	0	0	0	0	0	0	0
S1	Antas 	3	14	24/06/2015	8/08/2015	45	0	0	0	0	0	0	0	0	0	0
S1	Monti	3	15	24/06/2015	8/08/2015	45	0	0	0	0	0	0	0	0	0	0
S1	Narrikup	3	16	24/06/2015	8/08/2015	45	0	0	0	0	0	0	0	0	0	0
S1	Denmark	3	17	24/06/2015	8/08/2015	45	0	0	0	0	0	0	0	0	0	0
S1	Leura	3	18	24/06/2015	8/08/2015	45	0	0	0	0	0	0	0	0	0	0
S1	Antas 	1	1	24/06/2015	19/08/2015	56	1	1	0	1	1	1	1	1	1	0
S1	Monti	1	2	24/06/2015	19/08/2015	56	0	1	1	1	1	1	1	0	0	1
S1	Denmark	1	3	24/06/2015	19/08/2015	56	0	0	1	1	1	1	1	1	1	1
S1	Leura	1	4	24/06/2015	19/08/2015	56	1	1	1	1	0	1	0	1	1	1
S1	Narrikup	1	5	24/06/2015	19/08/2015	56	1	1	1	1	0	1	1	0	0	0
S1	Woogenellup	1	6	24/06/2015	19/08/2015	56	1	0	1	1	1	1	1	1	1	0
S1	Antas 	2	7	24/06/2015	19/08/2015	56	1	0	1	1	1	1	1	1	1	1
S1	Woogenellup	2	8	24/06/2015	19/08/2015	56	1	1	1	1	1	1	1	1	1	1
S1	Denmark	2	9	24/06/2015	19/08/2015	56	1	1	1	1	1	1	1	1	1	0
S1	Monti	2	10	24/06/2015	19/08/2015	56	1	1	1	1	1	1	1	1	0	0
S1	Narrikup	2	11	24/06/2015	19/08/2015	56	1	1	0	1	1	0	0	1	1	1
S1	Leura	2	12	24/06/2015	19/08/2015	56	0	1	0	1	0	1	1	1	0	1
S1	Woogenellup	3	13	24/06/2015	19/08/2015	56	1	0	1	1	1	0	0	0	1	1
S1	Antas 	3	14	24/06/2015	19/08/2015	56	0	1	1	0	1	1	1	1	1	1
S1	Monti	3	15	24/06/2015	19/08/2015	56	1	1	0	1	1	0	1	0	0	1
S1	Narrikup	3	16	24/06/2015	19/08/2015	56	0	1	1	0	1	1	1	1	1	1
S1	Denmark	3	17	24/06/2015	19/08/2015	56	1	1	1	1	1	1	0	1	0	0
S1	Leura	3	18	24/06/2015	19/08/2015	56	0	0	0	1	1	1	0	0	1	0
S1	Antas 	1	1	24/06/2015	25/08/2015	62	2	2	1	2	2	1	1	2	2	2
S1	Monti	1	2	24/06/2015	25/08/2015	62	2	2	2	2	2	2	2	2	2	1
S1	Denmark	1	3	24/06/2015	25/08/2015	62	2	1	2	2	2	1	1	1	2	2
S1	Leura	1	4	24/06/2015	25/08/2015	62	1	1	1	2	1	2	1	1	2	1
S1	Narrikup	1	5	24/06/2015	25/08/2015	62	2	2	2	2	2	2	1	2	1	1
S1	Woogenellup	1	6	24/06/2015	25/08/2015	62	2	2	1	2	2	2	2	2	2	2
S1	Antas 	2	7	24/06/2015	25/08/2015	62	1	2	1	1	1	2	2	2	1	2
S1	Woogenellup	2	8	24/06/2015	25/08/2015	62	2	2	2	2	2	2	2	2	2	1
S1	Denmark	2	9	24/06/2015	25/08/2015	62	2	2	2	2	2	2	2	2	2	2
S1	Monti	2	10	24/06/2015	25/08/2015	62	1	2	2	1	2	2	2	2	2	2
S1	Narrikup	2	11	24/06/2015	25/08/2015	62	2	2	2	2	2	2	1	2	2	2
S1	Leura	2	12	24/06/2015	25/08/2015	62	2	2	1	2	2	1	2	1	1	2
S1	Woogenellup	3	13	24/06/2015	25/08/2015	62	1	2	2	2	2	2	2	2	2	2
S1	Antas 	3	14	24/06/2015	25/08/2015	62	2	2	2	1	1	2	2	2	2	2
S1	Monti	3	15	24/06/2015	25/08/2015	62	2	2	2	2	2	2	2	1	1	2
S1	Narrikup	3	16	24/06/2015	25/08/2015	62	2	2	2	2	2	2	2	2	2	2
S1	Denmark	3	17	24/06/2015	25/08/2015	62	2	2	2	2	1	2	2	2	2	1
S1	Leura	3	18	24/06/2015	25/08/2015	62	2	2	2	2	1	2	2	1	1	1
S1	Antas 	1	1	24/06/2015	28/08/2015	65	2	2	2	3	2	3	3	2	2	3
S1	Monti	1	2	24/06/2015	28/08/2015	65	3	3	3	3	2	2	3	2	2	2
S1	Denmark	1	3	24/06/2015	28/08/2015	65	2	3	3	3	3	2	2	2	3	3
S1	Leura	1	4	24/06/2015	28/08/2015	65	2	1	2	2	2	3	2	2	2	2
S1	Narrikup	1	5	24/06/2015	28/08/2015	65	3	3	2	3	2	2	2	3	2	2
S1	Woogenellup	1	6	24/06/2015	28/08/2015	65	2	2	3	2	3	3	2	2	2	2
S1	Antas 	2	7	24/06/2015	28/08/2015	65	3	2	2	2	2	3	3	2	2	2
S1	Woogenellup	2	8	24/06/2015	28/08/2015	65	2	3	2	3	3	2	2	3	3	2
S1	Denmark	2	9	24/06/2015	28/08/2015	65	3	3	3	3	2	3	2	3	3	3
S1	Monti	2	10	24/06/2015	28/08/2015	65	3	2	3	3	3	2	2	2	3	2
S1	Narrikup	2	11	24/06/2015	28/08/2015	65	3	2	3	3	2	2	2	3	3	2
S1	Leura	2	12	24/06/2015	28/08/2015	65	3	2	2	3	3	2	2	2	2	3
S1	Woogenellup	3	13	24/06/2015	28/08/2015	65	3	2	2	3	3	3	3	3	2	3
S1	Antas 	3	14	24/06/2015	28/08/2015	65	2	2	3	2	2	3	3	2	3	2
S1	Monti	3	15	24/06/2015	28/08/2015	65	3	3	2	2	3	2	3	2	3	3
S1	Narrikup	3	16	24/06/2015	28/08/2015	65	2	3	3	3	3	3	3	3	3	3
S1	Denmark	3	17	24/06/2015	28/08/2015	65	2	2	3	3	2	2	3	3	2	2
S1	Leura	3	18	24/06/2015	28/08/2015	65	2	2	2	3	3	2	3	2	3	2
S1	Antas 	1	1	24/06/2015	31/08/2015	68	3	2	3	3	3	3	3	3	3	3
S1	Monti	1	2	24/06/2015	31/08/2015	68	3	3	3	3	3	3	3	3	3	3
S1	Denmark	1	3	24/06/2015	31/08/2015	68	2	3	3	3	3	3	3	3	3	3
S1	Leura	1	4	24/06/2015	31/08/2015	68	3	2	3	3	3	3	2	3	3	2
S1	Narrikup	1	5	24/06/2015	31/08/2015	68	3	3	3	3	3	3	3	3	3	3
S1	Woogenellup	1	6	24/06/2015	31/08/2015	68	3	3	4	3	3	3	3	3	3	3
S1	Antas 	2	7	24/06/2015	31/08/2015	68	3	3	3	3	3	3	3	3	3	3
S1	Woogenellup	2	8	24/06/2015	31/08/2015	68	3	3	3	3	3	3	3	4	3	3
S1	Denmark	2	9	24/06/2015	31/08/2015	68	3	3	3	3	3	3	3	3	3	3
S1	Monti	2	10	24/06/2015	31/08/2015	68	3	3	3	3	3	3	3	3	3	3
S1	Narrikup	2	11	24/06/2015	31/08/2015	68	3	3	3	3	3	3	3	3	3	3
S1	Leura	2	12	24/06/2015	31/08/2015	68	3	3	3	3	3	3	3	3	3	3
S1	Woogenellup	3	13	24/06/2015	31/08/2015	68	3	3	3	4	3	4	3	3	3	3
S1	Antas 	3	14	24/06/2015	31/08/2015	68	3	2	3	3	2	3	3	3	3	3
S1	Monti	3	15	24/06/2015	31/08/2015	68	3	3	3	3	3	3	3	3	3	3
S1	Narrikup	3	16	24/06/2015	31/08/2015	68	3	4	3	4	3	3	3	3	3	3
S1	Denmark	3	17	24/06/2015	31/08/2015	68	3	3	3	3	3	3	3	3	3	3
S1	Leura	3	18	24/06/2015	31/08/2015	68	3	3	3	4	2	3	3	3	3	3
S1	Antas 	1	1	24/06/2015	10/09/2015	78	4	5	5	5	6	6	6	3	5	5
S1	Monti	1	2	24/06/2015	10/09/2015	78	4	5	5	3	5	4	4	4	4	4
S1	Denmark	1	3	24/06/2015	10/09/2015	78	6	6	5	7	5	4	4	3	5	5
S1	Leura	1	4	24/06/2015	10/09/2015	78	4	3	5	5	4	5	4	4	4	4
S1	Narrikup	1	5	24/06/2015	10/09/2015	78	5	5	5	5	5	4	4	5	4	4
S1	Woogenellup	1	6	24/06/2015	10/09/2015	78	5	4	4	4	3	3	3	4	4	4
S1	Antas 	2	7	24/06/2015	10/09/2015	78	4	4	5	5	5	6	5	5	5	5
S1	Woogenellup	2	8	24/06/2015	10/09/2015	78	5	5	5	5	5	4	5	5	6	5
S1	Denmark	2	9	24/06/2015	10/09/2015	78	5	5	6	5	5	5	5	5	5	4
S1	Monti	2	10	24/06/2015	10/09/2015	78	6	6	6	6	7	6	5	6	4	5
S1	Narrikup	2	11	24/06/2015	10/09/2015	78	4	3	4	5	5	5	4	5	6	4
S1	Leura	2	12	24/06/2015	10/09/2015	78	5	4	4	5	6	4	5	5	4	6
S1	Woogenellup	3	13	24/06/2015	10/09/2015	78	5	4	3	5	5	6	5	6	4	5
S1	Antas 	3	14	24/06/2015	10/09/2015	78	3	4	4	4	5	3	4	4	5	4
S1	Monti	3	15	24/06/2015	10/09/2015	78	4	4	4	5	4	7	4	4	4	6
S1	Narrikup	3	16	24/06/2015	10/09/2015	78	6	5	7	5	5	4	5	7	6	6
S1	Denmark	3	17	24/06/2015	10/09/2015	78	7	4	6	6	5	4	7	6	6	4
S1	Leura	3	18	24/06/2015	10/09/2015	78	6	4	4	5	4	3	6	5	7	5
S1	Antas 	1	1	24/06/2015	16/09/2015	84	6	6	6	6	7	7	7	3	6	6
S1	Monti	1	2	24/06/2015	16/09/2015	84	5	6	6	5	6	5	5	5	5	5
S1	Denmark	1	3	24/06/2015	16/09/2015	84	8	8	6	9	6	5	5	3	6	6
S1	Leura	1	4	24/06/2015	16/09/2015	84	5	4	6	6	5	6	5	5	5	5
S1	Narrikup	1	5	24/06/2015	16/09/2015	84	6	6	6	6	6	5	5	6	5	5
S1	Woogenellup	1	6	24/06/2015	16/09/2015	84	6	5	4	5	3	3	3	5	5	5
S1	Antas 	2	7	24/06/2015	16/09/2015	84	5	5	6	6	6	8	6	6	6	6
S1	Woogenellup	2	8	24/06/2015	16/09/2015	84	6	6	6	6	6	5	6	6	8	6
S1	Denmark	2	9	24/06/2015	16/09/2015	84	6	6	8	6	6	6	6	6	6	5
S1	Monti	2	10	24/06/2015	16/09/2015	84	8	8	8	8	9	8	6	8	5	6
S1	Narrikup	2	11	24/06/2015	16/09/2015	84	5	3	5	6	6	6	5	6	8	5
S1	Leura	2	12	24/06/2015	16/09/2015	84	6	5	5	6	8	5	6	6	5	8
S1	Woogenellup	3	13	24/06/2015	16/09/2015	84	6	5	3	6	6	7	6	8	5	6
S1	Antas 	3	14	24/06/2015	16/09/2015	84	3	5	5	5	7	3	5	5	6	5
S1	Monti	3	15	24/06/2015	16/09/2015	84	5	5	5	6	5	9	5	5	5	8
S1	Narrikup	3	16	24/06/2015	16/09/2015	84	8	6	9	6	6	5	6	9	8	8
S1	Denmark	3	17	24/06/2015	16/09/2015	84	9	5	8	8	6	5	9	8	8	5
S1	Leura	3	18	24/06/2015	16/09/2015	84	8	5	5	6	5	3	8	6	9	6
S1	Antas 	1	1	24/06/2015	20/09/2015	88	7	9	7	7	8	8	8	3	7	7
S1	Monti	1	2	24/06/2015	20/09/2015	88	5	7	7	3	7	5	5	5	5	5
S1	Denmark	1	3	24/06/2015	20/09/2015	88	10	9	7	11	7	5	5	3	7	7
S1	Leura	1	4	24/06/2015	20/09/2015	88	5	4	7	7	5	7	6	5	5	6
S1	Narrikup	1	5	24/06/2015	20/09/2015	88	7	7	7	7	7	5	5	7	5	5
S1	Woogenellup	1	6	24/06/2015	20/09/2015	88	7	5	4	5	3	3	3	5	5	5
S1	Antas 	2	7	24/06/2015	20/09/2015	88	5	5	7	7	7	9	7	7	7	7
S1	Woogenellup	2	8	24/06/2015	20/09/2015	88	7	7	7	7	7	5	7	6	9	7
S1	Denmark	2	9	24/06/2015	20/09/2015	88	7	7	9	7	7	7	7	7	7	5
S1	Monti	2	10	24/06/2015	20/09/2015	88	9	9	9	9	11	9	7	9	5	7
S1	Narrikup	2	11	24/06/2015	20/09/2015	88	5	3	5	7	7	7	5	7	9	5
S1	Leura	2	12	24/06/2015	20/09/2015	88	7	5	5	7	9	5	7	7	5	9
S1	Woogenellup	3	13	24/06/2015	20/09/2015	88	7	5	3	6	7	8	7	9	5	7
S1	Antas 	3	14	24/06/2015	20/09/2015	88	3	6	5	5	8	3	5	5	7	5
S1	Monti	3	15	24/06/2015	20/09/2015	88	5	5	5	7	5	11	5	5	5	9
S1	Narrikup	3	16	24/06/2015	20/09/2015	88	9	6	11	6	7	5	7	11	9	9
S1	Denmark	3	17	24/06/2015	20/09/2015	88	11	7	9	9	7	6	11	9	9	5
S1	Leura	3	18	24/06/2015	20/09/2015	88	9	5	5	6	6	5	9	7	11	7
S1	Antas 	1	1	24/06/2015	25/09/2015	93	9	14	8	8	10	10	10	6	8	8
S1	Monti	1	2	24/06/2015	25/09/2015	93	6	9	9	8	9	6	6	6	6	6
S1	Denmark	1	3	24/06/2015	25/09/2015	93	14	12	9	15	9	6	6	3	9	9
S1	Leura	1	4	24/06/2015	25/09/2015	93	6	5	9	9	6	9	8	6	6	8
S1	Narrikup	1	5	24/06/2015	25/09/2015	93	9	9	9	9	9	7	6	9	6	6
S1	Woogenellup	1	6	24/06/2015	25/09/2015	93	9	6	4	6	5	4	3	6	6	6
S1	Antas 	2	7	24/06/2015	25/09/2015	93	6	6	9	9	9	12	9	9	9	9
S1	Woogenellup	2	8	24/06/2015	25/09/2015	93	9	9	9	9	9	6	9	7	12	9
S1	Denmark	2	9	24/06/2015	25/09/2015	93	9	9	12	9	9	9	9	9	9	6
S1	Monti	2	10	24/06/2015	25/09/2015	93	12	12	12	12	15	12	9	12	6	9
S1	Narrikup	2	11	24/06/2015	25/09/2015	93	6	3	6	9	9	9	6	9	12	6
S1	Leura	2	12	24/06/2015	25/09/2015	93	9	6	6	9	12	6	9	9	6	12
S1	Woogenellup	3	13	24/06/2015	25/09/2015	93	9	6	3	7	9	10	9	12	6	9
S1	Antas 	3	14	24/06/2015	25/09/2015	93	3	8	6	6	11	3	6	6	9	6
S1	Monti	3	15	24/06/2015	25/09/2015	93	6	6	6	9	6	15	6	6	6	12
S1	Narrikup	3	16	24/06/2015	25/09/2015	93	12	7	15	7	9	6	9	15	12	12
S1	Denmark	3	17	24/06/2015	25/09/2015	93	15	11	12	12	9	8	15	12	12	6
S1	Leura	3	18	24/06/2015	25/09/2015	93	12	6	6	7	8	3	12	9	15	9
S1	Antas 	1	1	24/06/2015	2/10/2015	100	10	14	9	9	11	11	11	7	9	7
S1	Monti	1	2	24/06/2015	2/10/2015	100	7	10	9	9	10	7	7	7	7	7
S1	Denmark	1	3	24/06/2015	2/10/2015	100	14	13	10	14	10	7	7	4	10	5
S1	Leura	1	4	24/06/2015	2/10/2015	100	7	6	10	10	7	10	9	7	7	8
S1	Narrikup	1	5	24/06/2015	2/10/2015	100	10	10	10	10	10	8	7	10	7	8
S1	Woogenellup	1	6	24/06/2015	2/10/2015	100	10	7	5	7	6	5	4	7	7	8
S1	Antas 	2	7	24/06/2015	2/10/2015	100	7	7	10	10	10	13	10	10	10	10
S1	Woogenellup	2	8	24/06/2015	2/10/2015	100	10	10	10	10	10	7	10	8	13	9
S1	Denmark	2	9	24/06/2015	2/10/2015	100	10	10	11	10	10	10	10	10	9	10
S1	Monti	2	10	24/06/2015	2/10/2015	100	13	13	13	13	16	13	10	13	7	11
S1	Narrikup	2	11	24/06/2015	2/10/2015	100	7	4	7	10	10	10	7	10	13	9
S1	Leura	2	12	24/06/2015	2/10/2015	100	10	7	7	10	13	7	10	10	7	9
S1	Woogenellup	3	13	24/06/2015	2/10/2015	100	10	7	4	8	10	11	10	13	6	9
S1	Antas 	3	14	24/06/2015	2/10/2015	100	4	9	7	7	12	4	7	7	10	7
S1	Monti	3	15	24/06/2015	2/10/2015	100	7	7	7	9	7	16	7	7	7	8
S1	Narrikup	3	16	24/06/2015	2/10/2015	100	13	8	16	8	10	7	10	16	13	11
S1	Denmark	3	17	24/06/2015	2/10/2015	100	16	12	13	13	9	9	16	13	13	12
S1	Leura	3	18	24/06/2015	2/10/2015	100	7	7	7	8	8	5	12	10	14	10
S1	Antas 	1	1	24/06/2015	12/10/2015	110	11	15	10	10	12	12	12	8	10	10
S1	Monti	1	2	24/06/2015	12/10/2015	110	8	11	10	10	11	8	8	8	8	8
S1	Denmark	1	3	24/06/2015	12/10/2015	110	15	14	11	15	11	8	8	5	11	11
S1	Leura	1	4	24/06/2015	12/10/2015	110	8	7	11	11	8	11	10	8	8	10
S1	Narrikup	1	5	24/06/2015	12/10/2015	110	11	11	11	11	11	9	8	11	8	8
S1	Woogenellup	1	6	24/06/2015	12/10/2015	110	11	8	6	8	7	6	5	8	8	8
S1	Antas 	2	7	24/06/2015	12/10/2015	110	8	8	11	11	11	14	11	11	11	11
S1	Woogenellup	2	8	24/06/2015	12/10/2015	110	11	11	11	11	11	8	11	9	14	11
S1	Denmark	2	9	24/06/2015	12/10/2015	110	11	11	12	11	11	11	11	11	10	8
S1	Monti	2	10	24/06/2015	12/10/2015	110	14	14	14	14	17	14	11	14	8	11
S1	Narrikup	2	11	24/06/2015	12/10/2015	110	8	5	8	11	11	11	8	11	14	8
S1	Leura	2	12	24/06/2015	12/10/2015	110	11	8	8	11	14	8	11	11	8	14
S1	Woogenellup	3	13	24/06/2015	12/10/2015	110	11	8	5	9	11	12	11	14	7	11
S1	Antas 	3	14	24/06/2015	12/10/2015	110	5	10	8	8	13	5	8	8	11	8
S1	Monti	3	15	24/06/2015	12/10/2015	110	8	8	8	10	8	17	8	8	8	14
S1	Narrikup	3	16	24/06/2015	12/10/2015	110	14	9	17	9	11	8	11	17	14	14
S1	Denmark	3	17	24/06/2015	12/10/2015	110	17	13	14	14	10	10	17	14	14	8
S1	Leura	3	18	24/06/2015	12/10/2015	110	14	8	8	9	9	5	14	11	15	11
S2	Narrikup	1	19	28/07/2015	28/07/2015	0	0	0	0	0	0	0	0	0	0	0
S2	Monti	1	20	28/07/2015	28/07/2015	0	0	0	0	0	0	0	0	0	0	0
S2	Woogenellup	1	21	28/07/2015	28/07/2015	0	0	0	0	0	0	0	0	0	0	0
S2	Leura	1	22	28/07/2015	28/07/2015	0	0	0	0	0	0	0	0	0	0	0
S2	Denmark	1	23	28/07/2015	28/07/2015	0	0	0	0	0	0	0	0	0	0	0
S2	Antas 	1	24	28/07/2015	28/07/2015	0	0	0	0	0	0	0	0	0	0	0
S2	Leura	2	25	28/07/2015	28/07/2015	0	0	0	0	0	0	0	0	0	0	0
S2	Woogenellup	2	26	28/07/2015	28/07/2015	0	0	0	0	0	0	0	0	0	0	0
S2	Denmark	2	27	28/07/2015	28/07/2015	0	0	0	0	0	0	0	0	0	0	0
S2	Narrikup	2	28	28/07/2015	28/07/2015	0	0	0	0	0	0	0	0	0	0	0
S2	Antas 	2	29	28/07/2015	28/07/2015	0	0	0	0	0	0	0	0	0	0	0
S2	Monti	2	30	28/07/2015	28/07/2015	0	0	0	0	0	0	0	0	0	0	0
S2	Denmark	3	31	28/07/2015	28/07/2015	0	0	0	0	0	0	0	0	0	0	0
S2	Antas 	3	32	28/07/2015	28/07/2015	0	0	0	0	0	0	0	0	0	0	0
S2	Monti	3	33	28/07/2015	28/07/2015	0	0	0	0	0	0	0	0	0	0	0
S2	Woogenellup	3	34	28/07/2015	28/07/2015	0	0	0	0	0	0	0	0	0	0	0
S2	Leura	3	35	28/07/2015	28/07/2015	0	0	0	0	0	0	0	0	0	0	0
S2	Narrikup	3	36	28/07/2015	28/07/2015	0	0	0	0	0	0	0	0	0	0	0
S2	Narrikup	1	19	28/07/2015	4/08/2015	7	0	0	0	0	0	0	0	0	0	0
S2	Monti	1	20	28/07/2015	4/08/2015	7	0	0	0	0	0	0	0	0	0	0
S2	Woogenellup	1	21	28/07/2015	4/08/2015	7	0	0	0	0	0	0	0	0	0	0
S2	Leura	1	22	28/07/2015	4/08/2015	7	0	0	0	0	0	0	0	0	0	0
S2	Denmark	1	23	28/07/2015	4/08/2015	7	0	0	0	0	0	0	0	0	0	0
S2	Antas 	1	24	28/07/2015	4/08/2015	7	0	0	0	0	0	0	0	0	0	0
S2	Leura	2	25	28/07/2015	4/08/2015	7	0	0	0	0	0	0	0	0	0	0
S2	Woogenellup	2	26	28/07/2015	4/08/2015	7	0	0	0	0	0	0	0	0	0	0
S2	Denmark	2	27	28/07/2015	4/08/2015	7	0	0	0	0	0	0	0	0	0	0
S2	Narrikup	2	28	28/07/2015	4/08/2015	7	0	0	0	0	0	0	0	0	0	0
S2	Antas 	2	29	28/07/2015	4/08/2015	7	0	0	0	0	0	0	0	0	0	0
S2	Monti	2	30	28/07/2015	4/08/2015	7	0	0	0	0	0	0	0	0	0	0
S2	Denmark	3	31	28/07/2015	4/08/2015	7	0	0	0	0	0	0	0	0	0	0
S2	Antas 	3	32	28/07/2015	4/08/2015	7	0	0	0	0	0	0	0	0	0	0
S2	Monti	3	33	28/07/2015	4/08/2015	7	0	0	0	0	0	0	0	0	0	0
S2	Woogenellup	3	34	28/07/2015	4/08/2015	7	0	0	0	0	0	0	0	0	0	0
S2	Leura	3	35	28/07/2015	4/08/2015	7	0	0	0	0	0	0	0	0	0	0
S2	Narrikup	3	36	28/07/2015	4/08/2015	7	0	0	0	0	0	0	0	0	0	0
S2	Narrikup	1	19	28/07/2015	14/08/2015	17	0	0	0	0	0	0	0	0	0	0
S2	Monti	1	20	28/07/2015	14/08/2015	17	0	0	0	0	0	0	0	0	0	0
S2	Woogenellup	1	21	28/07/2015	14/08/2015	17	0	0	0	0	0	0	0	0	0	0
S2	Leura	1	22	28/07/2015	14/08/2015	17	0	0	0	0	0	0	0	0	0	0
S2	Denmark	1	23	28/07/2015	14/08/2015	17	0	0	0	0	0	0	0	0	0	0
S2	Antas 	1	24	28/07/2015	14/08/2015	17	0	0	0	0	0	0	0	0	0	0
S2	Leura	2	25	28/07/2015	14/08/2015	17	0	0	0	0	0	0	0	0	0	0
S2	Woogenellup	2	26	28/07/2015	14/08/2015	17	0	0	0	0	0	0	0	0	0	0
S2	Denmark	2	27	28/07/2015	14/08/2015	17	0	0	0	0	0	0	0	0	0	0
S2	Narrikup	2	28	28/07/2015	14/08/2015	17	0	0	0	0	0	0	0	0	0	0
S2	Antas 	2	29	28/07/2015	14/08/2015	17	0	0	0	0	0	0	0	0	0	0
S2	Monti	2	30	28/07/2015	14/08/2015	17	0	0	0	0	0	0	0	0	0	0
S2	Denmark	3	31	28/07/2015	14/08/2015	17	0	0	0	0	0	0	0	0	0	0
S2	Antas 	3	32	28/07/2015	14/08/2015	17	0	0	0	0	0	0	0	0	0	0
S2	Monti	3	33	28/07/2015	14/08/2015	17	0	0	0	0	0	0	0	0	0	0
S2	Woogenellup	3	34	28/07/2015	14/08/2015	17	0	0	0	0	0	0	0	0	0	0
S2	Leura	3	35	28/07/2015	14/08/2015	17	0	0	0	0	0	0	0	0	0	0
S2	Narrikup	3	36	28/07/2015	14/08/2015	17	0	0	0	0	0	0	0	0	0	0
S2	Narrikup	1	19	28/07/2015	31/08/2015	34	1	1	0	1	0	0	0	0	0	1
S2	Monti	1	20	28/07/2015	31/08/2015	34	0	0	1	1	1	0	0	1	0	0
S2	Woogenellup	1	21	28/07/2015	31/08/2015	34	1	0	0	0	1	0	0	0	0	1
S2	Leura	1	22	28/07/2015	31/08/2015	34	0	0	0	0	1	0	0	0	1	0
S2	Denmark	1	23	28/07/2015	31/08/2015	34	1	0	1	0	1	0	0	1	0	0
S2	Antas 	1	24	28/07/2015	31/08/2015	34	1	1	0	1	0	0	1	0	0	0
S2	Leura	2	25	28/07/2015	31/08/2015	34	0	0	0	1	0	0	0	1	0	1
S2	Woogenellup	2	26	28/07/2015	31/08/2015	34	1	0	1	0	1	0	0	0	1	0
S2	Denmark	2	27	28/07/2015	31/08/2015	34	1	0	1	0	1	1	0	0	1	0
S2	Narrikup	2	28	28/07/2015	31/08/2015	34	0	0	1	0	0	0	1	1	0	1
S2	Antas 	2	29	28/07/2015	31/08/2015	34	1	1	0	0	1	0	0	1	0	1
S2	Monti	2	30	28/07/2015	31/08/2015	34	0	1	0	1	1	0	0	0	0	0
S2	Denmark	3	31	28/07/2015	31/08/2015	34	0	1	0	0	0	1	0	1	0	1
S2	Antas 	3	32	28/07/2015	31/08/2015	34	1	0	0	1	0	1	0	0	1	0
S2	Monti	3	33	28/07/2015	31/08/2015	34	1	0	1	0	1	0	1	0	0	0
S2	Woogenellup	3	34	28/07/2015	31/08/2015	34	1	1	1	0	0	0	1	1	0	0
S2	Leura	3	35	28/07/2015	31/08/2015	34	1	0	1	0	0	0	0	1	0	1
S2	Narrikup	3	36	28/07/2015	31/08/2015	34	0	1	0	1	0	0	1	0	0	0
S2	Narrikup	1	19	28/07/2015	10/09/2015	44	1	1	0	1	1	0	0	1	1	1
S2	Monti	1	20	28/07/2015	10/09/2015	44	1	1	1	1	1	1	1	1	0	0
S2	Woogenellup	1	21	28/07/2015	10/09/2015	44	1	0	1	1	1	0	0	0	1	1
S2	Leura	1	22	28/07/2015	10/09/2015	44	0	0	0	1	1	1	0	0	1	0
S2	Denmark	1	23	28/07/2015	10/09/2015	44	1	1	1	1	1	1	0	1	0	0
S2	Antas 	1	24	28/07/2015	10/09/2015	44	1	1	0	1	0	1	1	1	1	1
S2	Leura	2	25	28/07/2015	10/09/2015	44	0	1	0	1	0	1	1	1	0	1
S2	Woogenellup	2	26	28/07/2015	10/09/2015	44	1	0	1	1	1	1	1	1	1	0
S2	Denmark	2	27	28/07/2015	10/09/2015	44	1	1	1	1	1	1	1	1	1	0
S2	Narrikup	2	28	28/07/2015	10/09/2015	44	0	1	1	0	1	1	1	1	1	1
S2	Antas 	2	29	28/07/2015	10/09/2015	44	1	1	1	1	1	1	0	1	1	1
S2	Monti	2	30	28/07/2015	10/09/2015	44	1	1	0	1	1	0	1	0	0	1
S2	Denmark	3	31	28/07/2015	10/09/2015	44	0	1	1	1	1	1	1	1	1	1
S2	Antas 	3	32	28/07/2015	10/09/2015	44	1	1	0	1	0	1	1	1	1	1
S2	Monti	3	33	28/07/2015	10/09/2015	44	1	1	1	1	1	1	1	0	0	0
S2	Woogenellup	3	34	28/07/2015	10/09/2015	44	1	1	1	1	1	1	1	1	1	1
S2	Leura	3	35	28/07/2015	10/09/2015	44	1	1	1	1	0	1	0	1	1	1
S2	Narrikup	3	36	28/07/2015	10/09/2015	44	1	1	1	1	0	1	1	0	0	0
S2	Narrikup	1	19	28/07/2015	16/09/2015	50	2	2	1	2	2	1	1	2	2	2
S2	Monti	1	20	28/07/2015	16/09/2015	50	2	2	2	2	2	2	2	2	2	1
S2	Woogenellup	1	21	28/07/2015	16/09/2015	50	2	1	2	2	2	1	1	1	2	2
S2	Leura	1	22	28/07/2015	16/09/2015	50	1	1	1	2	1	2	1	1	2	1
S2	Denmark	1	23	28/07/2015	16/09/2015	50	2	2	2	2	2	2	1	2	1	1
S2	Antas 	1	24	28/07/2015	16/09/2015	50	2	2	1	2	2	2	2	2	2	2
S2	Leura	2	25	28/07/2015	16/09/2015	50	1	2	1	1	1	2	2	2	1	2
S2	Woogenellup	2	26	28/07/2015	16/09/2015	50	2	2	2	2	2	2	2	2	2	1
S2	Denmark	2	27	28/07/2015	16/09/2015	50	2	2	2	2	2	2	2	2	2	2
S2	Narrikup	2	28	28/07/2015	16/09/2015	50	1	2	2	1	2	2	2	2	2	2
S2	Antas 	2	29	28/07/2015	16/09/2015	50	2	2	2	2	2	2	1	2	2	2
S2	Monti	2	30	28/07/2015	16/09/2015	50	2	2	1	2	2	1	2	1	1	2
S2	Denmark	3	31	28/07/2015	16/09/2015	50	1	2	2	2	2	2	2	2	2	2
S2	Antas 	3	32	28/07/2015	16/09/2015	50	2	2	2	1	1	2	2	2	2	2
S2	Monti	3	33	28/07/2015	16/09/2015	50	2	2	2	2	2	2	2	1	1	2
S2	Woogenellup	3	34	28/07/2015	16/09/2015	50	2	2	2	2	2	2	2	2	2	2
S2	Leura	3	35	28/07/2015	16/09/2015	50	2	2	2	2	1	2	2	2	2	1
S2	Narrikup	3	36	28/07/2015	16/09/2015	50	2	2	2	2	1	2	2	1	1	1
S2	Narrikup	1	19	28/07/2015	20/09/2015	54	2	2	2	3	2	3	3	2	2	3
S2	Monti	1	20	28/07/2015	20/09/2015	54	3	3	3	3	2	2	3	2	2	2
S2	Woogenellup	1	21	28/07/2015	20/09/2015	54	2	3	3	3	3	2	2	2	3	3
S2	Leura	1	22	28/07/2015	20/09/2015	54	2	1	2	2	2	3	2	2	2	2
S2	Denmark	1	23	28/07/2015	20/09/2015	54	3	3	2	3	2	2	2	3	2	2
S2	Antas 	1	24	28/07/2015	20/09/2015	54	2	2	3	2	3	3	2	2	2	2
S2	Leura	2	25	28/07/2015	20/09/2015	54	3	2	2	2	2	3	3	2	2	2
S2	Woogenellup	2	26	28/07/2015	20/09/2015	54	2	3	2	3	3	2	2	3	3	2
S2	Denmark	2	27	28/07/2015	20/09/2015	54	3	3	3	3	2	3	2	3	3	3
S2	Narrikup	2	28	28/07/2015	20/09/2015	54	3	2	3	3	3	2	2	2	3	2
S2	Antas 	2	29	28/07/2015	20/09/2015	54	3	2	3	3	2	2	2	3	3	2
S2	Monti	2	30	28/07/2015	20/09/2015	54	3	2	2	3	3	2	2	2	2	3
S2	Denmark	3	31	28/07/2015	20/09/2015	54	3	2	2	3	3	3	3	3	2	3
S2	Antas 	3	32	28/07/2015	20/09/2015	54	2	2	3	2	2	3	3	2	3	2
S2	Monti	3	33	28/07/2015	20/09/2015	54	3	3	2	2	3	2	3	2	3	3
S2	Woogenellup	3	34	28/07/2015	20/09/2015	54	2	3	3	3	3	3	3	3	3	3
S2	Leura	3	35	28/07/2015	20/09/2015	54	2	2	3	3	2	2	3	3	2	2
S2	Narrikup	3	36	28/07/2015	20/09/2015	54	2	2	2	3	3	2	3	2	3	2
S2	Narrikup	1	19	28/07/2015	25/09/2015	59	3	2	3	3	3	3	3	3	3	3
S2	Monti	1	20	28/07/2015	25/09/2015	59	3	3	3	3	3	3	3	3	3	3
S2	Woogenellup	1	21	28/07/2015	25/09/2015	59	2	3	3	3	3	3	3	3	3	3
S2	Leura	1	22	28/07/2015	25/09/2015	59	3	2	3	3	3	3	2	3	3	2
S2	Denmark	1	23	28/07/2015	25/09/2015	59	3	3	3	3	3	3	3	3	3	3
S2	Antas 	1	24	28/07/2015	25/09/2015	59	3	3	4	3	3	3	3	3	3	3
S2	Leura	2	25	28/07/2015	25/09/2015	59	3	3	3	3	3	3	3	3	3	3
S2	Woogenellup	2	26	28/07/2015	25/09/2015	59	3	3	3	3	3	3	3	4	3	3
S2	Denmark	2	27	28/07/2015	25/09/2015	59	3	3	3	3	3	3	3	3	3	3
S2	Narrikup	2	28	28/07/2015	25/09/2015	59	3	3	3	3	3	3	3	3	3	3
S2	Antas 	2	29	28/07/2015	25/09/2015	59	3	3	3	3	3	3	3	3	3	3
S2	Monti	2	30	28/07/2015	25/09/2015	59	3	3	3	3	3	3	3	3	3	3
S2	Denmark	3	31	28/07/2015	25/09/2015	59	3	3	3	4	3	4	3	3	3	3
S2	Antas 	3	32	28/07/2015	25/09/2015	59	3	2	3	3	2	3	3	3	3	3
S2	Monti	3	33	28/07/2015	25/09/2015	59	3	3	3	3	3	3	3	3	3	3
S2	Woogenellup	3	34	28/07/2015	25/09/2015	59	3	4	3	4	3	3	3	3	3	3
S2	Leura	3	35	28/07/2015	25/09/2015	59	3	3	3	3	3	3	3	3	3	3
S2	Narrikup	3	36	28/07/2015	25/09/2015	59	3	3	3	4	2	3	3	3	3	3
S2	Narrikup	1	19	28/07/2015	1/10/2015	65	4	5	5	5	6	6	6	3	5	5
S2	Monti	1	20	28/07/2015	1/10/2015	65	4	5	5	3	5	4	4	4	4	4
S2	Woogenellup	1	21	28/07/2015	1/10/2015	65	6	6	5	7	5	4	4	3	5	5
S2	Leura	1	22	28/07/2015	1/10/2015	65	4	3	5	5	4	5	4	4	4	4
S2	Denmark	1	23	28/07/2015	1/10/2015	65	5	5	5	5	5	4	4	5	4	4
S2	Antas 	1	24	28/07/2015	1/10/2015	65	5	4	4	4	3	3	3	4	4	4
S2	Leura	2	25	28/07/2015	1/10/2015	65	4	4	5	5	5	6	5	5	5	5
S2	Woogenellup	2	26	28/07/2015	1/10/2015	65	5	5	5	5	5	4	5	5	6	5
S2	Denmark	2	27	28/07/2015	1/10/2015	65	5	5	6	5	5	5	5	5	5	4
S2	Narrikup	2	28	28/07/2015	1/10/2015	65	6	6	6	6	7	6	5	6	4	5
S2	Antas 	2	29	28/07/2015	1/10/2015	65	4	3	4	5	5	5	4	5	6	4
S2	Monti	2	30	28/07/2015	1/10/2015	65	5	4	4	5	6	4	5	5	4	6
S2	Denmark	3	31	28/07/2015	1/10/2015	65	5	4	3	5	5	6	5	6	4	5
S2	Antas 	3	32	28/07/2015	1/10/2015	65	3	4	4	4	5	3	4	4	5	4
S2	Monti	3	33	28/07/2015	1/10/2015	65	4	4	4	5	4	7	4	4	4	6
S2	Woogenellup	3	34	28/07/2015	1/10/2015	65	6	5	7	5	5	4	5	7	6	6
S2	Leura	3	35	28/07/2015	1/10/2015	65	7	4	6	6	5	4	7	6	6	4
S2	Narrikup	3	36	28/07/2015	1/10/2015	65	6	4	4	5	4	3	6	5	7	5
S2	Narrikup	1	19	28/07/2015	6/10/2015	70	6	6	6	6	7	7	7	3	6	6
S2	Monti	1	20	28/07/2015	6/10/2015	70	5	6	6	5	6	5	5	5	5	5
S2	Woogenellup	1	21	28/07/2015	6/10/2015	70	8	8	6	9	6	5	5	3	6	6
S2	Leura	1	22	28/07/2015	6/10/2015	70	5	4	6	6	5	6	5	5	5	5
S2	Denmark	1	23	28/07/2015	6/10/2015	70	6	6	6	6	6	5	5	6	5	5
S2	Antas 	1	24	28/07/2015	6/10/2015	70	6	5	4	5	3	3	3	5	5	5
S2	Leura	2	25	28/07/2015	6/10/2015	70	5	5	6	6	6	8	6	6	6	6
S2	Woogenellup	2	26	28/07/2015	6/10/2015	70	6	6	6	6	6	5	6	6	8	6
S2	Denmark	2	27	28/07/2015	6/10/2015	70	6	6	8	6	6	6	6	6	6	5
S2	Narrikup	2	28	28/07/2015	6/10/2015	70	8	8	8	8	9	8	6	8	5	6
S2	Antas 	2	29	28/07/2015	6/10/2015	70	5	3	5	6	6	6	5	6	8	5
S2	Monti	2	30	28/07/2015	6/10/2015	70	6	5	5	6	8	5	6	6	5	8
S2	Denmark	3	31	28/07/2015	6/10/2015	70	6	5	3	6	6	7	6	8	5	6
S2	Antas 	3	32	28/07/2015	6/10/2015	70	3	5	5	5	7	3	5	5	6	5
S2	Monti	3	33	28/07/2015	6/10/2015	70	5	5	5	6	5	9	5	5	5	8
S2	Woogenellup	3	34	28/07/2015	6/10/2015	70	8	6	9	6	6	5	6	9	8	8
S2	Leura	3	35	28/07/2015	6/10/2015	70	9	5	8	8	6	5	9	8	8	5
S2	Narrikup	3	36	28/07/2015	6/10/2015	70	8	5	5	6	5	3	8	6	9	6
S2	Narrikup	1	19	28/07/2015	9/10/2015	73	7	9	7	7	8	8	8	3	7	7
S2	Monti	1	20	28/07/2015	9/10/2015	73	5	7	7	3	7	5	5	5	5	5
S2	Woogenellup	1	21	28/07/2015	9/10/2015	73	10	9	7	11	7	5	5	3	7	7
S2	Leura	1	22	28/07/2015	9/10/2015	73	5	4	7	7	5	7	6	5	5	6
S2	Denmark	1	23	28/07/2015	9/10/2015	73	7	7	7	7	7	5	5	7	5	5
S2	Antas 	1	24	28/07/2015	9/10/2015	73	7	5	4	5	3	3	3	5	5	5
S2	Leura	2	25	28/07/2015	9/10/2015	73	5	5	7	7	7	9	7	7	7	7
S2	Woogenellup	2	26	28/07/2015	9/10/2015	73	7	7	7	7	7	5	7	6	9	7
S2	Denmark	2	27	28/07/2015	9/10/2015	73	7	7	9	7	7	7	7	7	7	5
S2	Narrikup	2	28	28/07/2015	9/10/2015	73	9	9	9	9	11	9	7	9	5	7
S2	Antas 	2	29	28/07/2015	9/10/2015	73	5	3	5	7	7	7	5	7	9	5
S2	Monti	2	30	28/07/2015	9/10/2015	73	7	5	5	7	9	5	7	7	5	9
S2	Denmark	3	31	28/07/2015	9/10/2015	73	7	5	3	6	7	8	7	9	5	7
S2	Antas 	3	32	28/07/2015	9/10/2015	73	3	6	5	5	8	3	5	5	7	5
S2	Monti	3	33	28/07/2015	9/10/2015	73	5	5	5	7	5	11	5	5	5	9
S2	Woogenellup	3	34	28/07/2015	9/10/2015	73	9	6	11	6	7	5	7	11	9	9
S2	Leura	3	35	28/07/2015	9/10/2015	73	11	7	9	9	7	6	11	9	9	5
S2	Narrikup	3	36	28/07/2015	9/10/2015	73	9	5	5	6	6	5	9	7	11	7
S2	Narrikup	1	19	28/07/2015	14/10/2015	78	9	14	8	8	10	10	10	6	8	8
S2	Monti	1	20	28/07/2015	14/10/2015	78	6	9	9	8	9	6	6	6	6	6
S2	Woogenellup	1	21	28/07/2015	14/10/2015	78	14	12	9	15	9	6	6	3	9	9
S2	Leura	1	22	28/07/2015	14/10/2015	78	6	5	9	9	6	9	8	6	6	8
S2	Denmark	1	23	28/07/2015	14/10/2015	78	9	9	9	9	9	7	6	9	6	6
S2	Antas 	1	24	28/07/2015	14/10/2015	78	9	6	4	6	5	4	3	6	6	6
S2	Leura	2	25	28/07/2015	14/10/2015	78	6	6	9	9	9	12	9	9	9	9
S2	Woogenellup	2	26	28/07/2015	14/10/2015	78	9	9	9	9	9	6	9	7	12	9
S2	Denmark	2	27	28/07/2015	14/10/2015	78	9	9	12	9	9	9	9	9	9	6
S2	Narrikup	2	28	28/07/2015	14/10/2015	78	12	12	12	12	15	12	9	12	6	9
S2	Antas 	2	29	28/07/2015	14/10/2015	78	6	3	6	9	9	9	6	9	12	6
S2	Monti	2	30	28/07/2015	14/10/2015	78	9	6	6	9	12	6	9	9	6	12
S2	Denmark	3	31	28/07/2015	14/10/2015	78	9	6	3	7	9	10	9	12	6	9
S2	Antas 	3	32	28/07/2015	14/10/2015	78	3	8	6	6	11	3	6	6	9	6
S2	Monti	3	33	28/07/2015	14/10/2015	78	6	6	6	9	6	15	6	6	6	12
S2	Woogenellup	3	34	28/07/2015	14/10/2015	78	12	7	15	7	9	6	9	15	12	12
S2	Leura	3	35	28/07/2015	14/10/2015	78	15	11	12	12	9	8	15	12	12	6
S2	Narrikup	3	36	28/07/2015	14/10/2015	78	12	6	6	7	8	3	12	9	15	9
S2	Narrikup	1	19	28/07/2015	18/10/2015	82	7	10	10	9	10	7	7	7	7	7
S2	Monti	1	20	28/07/2015	18/10/2015	82	15	13	10	16	10	7	7	4	10	10
S2	Woogenellup	1	21	28/07/2015	18/10/2015	82	7	6	10	10	7	10	9	7	7	9
S2	Leura	1	22	28/07/2015	18/10/2015	82	10	10	10	10	10	8	7	10	7	7
S2	Denmark	1	23	28/07/2015	18/10/2015	82	10	7	5	7	6	5	4	7	7	7
S2	Antas 	1	24	28/07/2015	18/10/2015	82	7	7	10	10	10	13	10	10	10	10
S2	Leura	2	25	28/07/2015	18/10/2015	82	10	10	10	10	10	7	10	8	13	10
S2	Woogenellup	2	26	28/07/2015	18/10/2015	82	10	10	13	10	10	10	10	10	10	7
S2	Denmark	2	27	28/07/2015	18/10/2015	82	13	13	13	13	16	13	10	13	7	10
S2	Narrikup	2	28	28/07/2015	18/10/2015	82	7	4	7	10	10	10	7	10	13	7
S2	Antas 	2	29	28/07/2015	18/10/2015	82	10	7	7	10	13	7	10	10	7	13
S2	Monti	2	30	28/07/2015	18/10/2015	82	10	7	4	8	10	11	10	13	7	10
S2	Denmark	3	31	28/07/2015	18/10/2015	82	4	9	7	7	12	6	7	7	10	7
S2	Antas 	3	32	28/07/2015	18/10/2015	82	7	9	7	10	7	16	7	7	7	13
S2	Monti	3	33	28/07/2015	18/10/2015	82	13	8	16	8	10	7	10	16	13	13
S2	Woogenellup	3	34	28/07/2015	18/10/2015	82	16	12	13	13	10	9	16	13	13	7
S2	Leura	3	35	28/07/2015	18/10/2015	82	13	7	7	8	9	4	13	10	16	10
S2	Narrikup	3	36	28/07/2015	18/10/2015	82	8	11	11	10	11	8	8	8	8	8
S3	Denmark	1	37	15/09/2015	15/09/2015	0	0	0	0	0	0	0	0	0	0	0
S3	Antas 	1	38	15/09/2015	15/09/2015	0	0	0	0	0	0	0	0	0	0	0
S3	Woogenellup	1	39	15/09/2015	15/09/2015	0	0	0	0	0	0	0	0	0	0	0
S3	Leura	1	40	15/09/2015	15/09/2015	0	0	0	0	0	0	0	0	0	0	0
S3	Narrikup	1	41	15/09/2015	15/09/2015	0	0	0	0	0	0	0	0	0	0	0
S3	Monti	1	42	15/09/2015	15/09/2015	0	0	0	0	0	0	0	0	0	0	0
S3	Woogenellup	2	43	15/09/2015	15/09/2015	0	0	0	0	0	0	0	0	0	0	0
S3	Leura	2	44	15/09/2015	15/09/2015	0	0	0	0	0	0	0	0	0	0	0
S3	Narrikup	2	45	15/09/2015	15/09/2015	0	0	0	0	0	0	0	0	0	0	0
S3	Antas 	2	46	15/09/2015	15/09/2015	0	0	0	0	0	0	0	0	0	0	0
S3	Denmark	2	47	15/09/2015	15/09/2015	0	0	0	0	0	0	0	0	0	0	0
S3	Monti	2	48	15/09/2015	15/09/2015	0	0	0	0	0	0	0	0	0	0	0
S3	Leura	3	49	15/09/2015	15/09/2015	0	0	0	0	0	0	0	0	0	0	0
S3	Woogenellup	3	50	15/09/2015	15/09/2015	0	0	0	0	0	0	0	0	0	0	0
S3	Antas 	3	51	15/09/2015	15/09/2015	0	0	0	0	0	0	0	0	0	0	0
S3	Monti	3	52	15/09/2015	15/09/2015	0	0	0	0	0	0	0	0	0	0	0
S3	Narrikup	3	53	15/09/2015	15/09/2015	0	0	0	0	0	0	0	0	0	0	0
S3	Denmark	3	54	15/09/2015	15/09/2015	0	0	0	0	0	0	0	0	0	0	0
S3	Denmark	1	37	15/09/2015	8/10/2015	23	0	0	0	0	0	0	0	0	0	0
S3	Antas 	1	38	15/09/2015	8/10/2015	23	0	0	0	0	0	0	0	0	0	0
S3	Woogenellup	1	39	15/09/2015	8/10/2015	23	0	0	0	0	0	0	0	0	0	0
S3	Leura	1	40	15/09/2015	8/10/2015	23	0	0	0	0	0	0	0	0	0	0
S3	Narrikup	1	41	15/09/2015	8/10/2015	23	0	0	0	0	0	0	0	0	0	0
S3	Monti	1	42	15/09/2015	8/10/2015	23	0	0	0	0	0	0	0	0	0	0
S3	Woogenellup	2	43	15/09/2015	8/10/2015	23	0	1	3	0	1	1	1	1	0	1
S3	Leura	2	44	15/09/2015	8/10/2015	23	1	1	3	0	1	1	1	1	1	1
S3	Narrikup	2	45	15/09/2015	8/10/2015	23	0	1	3	0	1	1	1	0	1	1
S3	Antas 	2	46	15/09/2015	8/10/2015	23	1	0	3	0	1	1	1	1	0	1
S3	Denmark	2	47	15/09/2015	8/10/2015	23	0	1	3	0	0	1	1	0	0	1
S3	Monti	2	48	15/09/2015	8/10/2015	23	1	0	3	0	1	1	0	1	1	1
S3	Leura	3	49	15/09/2015	8/10/2015	23	0	0	0	0	0	0	0	0	0	0
S3	Woogenellup	3	50	15/09/2015	8/10/2015	23	0	0	0	0	0	0	0	0	0	0
S3	Antas 	3	51	15/09/2015	8/10/2015	23	0	0	0	0	0	0	0	0	0	0
S3	Monti	3	52	15/09/2015	8/10/2015	23	0	0	0	0	0	0	0	0	0	0
S3	Narrikup	3	53	15/09/2015	8/10/2015	23	0	0	0	0	0	0	0	0	0	0
S3	Denmark	3	54	15/09/2015	8/10/2015	23	0	0	0	0	0	0	0	0	0	0
S3	Denmark	1	37	15/09/2015	16/10/2015	31	3	3	3	4	3	3	2	3	3	3
S3	Antas 	1	38	15/09/2015	16/10/2015	31	3	2	3	3	3	3	3	3	3	4
S3	Woogenellup	1	39	15/09/2015	16/10/2015	31	2	4	3	3	3	3	2	3	3	4
S3	Leura	1	40	15/09/2015	16/10/2015	31	3	2	3	2	3	4	3	3	3	2
S3	Narrikup	1	41	15/09/2015	16/10/2015	31	3	4	3	3	3	3	3	3	3	3
S3	Monti	1	42	15/09/2015	16/10/2015	31	3	4	3	2	4	3	4	3	3	3
S3	Woogenellup	2	43	15/09/2015	16/10/2015	31	3	4	6	2	3	3	2	2	4	4
S3	Leura	2	44	15/09/2015	16/10/2015	31	3	3	6	2	3	4	3	2	3	3
S3	Narrikup	2	45	15/09/2015	16/10/2015	31	2	4	6	2	3	3	3	3	3	3
S3	Antas 	2	46	15/09/2015	16/10/2015	31	3	2	6	2	5	3	2	3	3	3
S3	Denmark	2	47	15/09/2015	16/10/2015	31	2	3	7	2	3	3	3	4	3	2
S3	Monti	2	48	15/09/2015	16/10/2015	31	3	3	5	2	3	3	4	5	3	2
S3	Leura	3	49	15/09/2015	16/10/2015	31	3	3	2	4	3	3	3	3	2	3
S3	Woogenellup	3	50	15/09/2015	16/10/2015	31	3	3	2	3	4	3	3	2	3	3
S3	Antas 	3	51	15/09/2015	16/10/2015	31	3	4	4	2	3	3	2	2	3	3
S3	Monti	3	52	15/09/2015	16/10/2015	31	4	3	3	3	3	2	3	3	3	3
S3	Narrikup	3	53	15/09/2015	16/10/2015	31	3	3	3	2	3	3	4	3	3	3
S3	Denmark	3	54	15/09/2015	16/10/2015	31	4	2	2	3	3	5	3	2	3	3
S3	Denmark	1	37	15/09/2015	25/10/2015	40	7	7	6	7	8	7	7	6	7	7
S3	Antas 	1	38	15/09/2015	25/10/2015	40	7	7	7	8	6	7	7	7	7	7
S3	Woogenellup	1	39	15/09/2015	25/10/2015	40	7	7	8	7	7	6	8	7	6	7
S3	Leura	1	40	15/09/2015	25/10/2015	40	7	7	6	5	7	7	7	7	7	7
S3	Narrikup	1	41	15/09/2015	25/10/2015	40	7	7	7	8	7	6	7	7	6	7
S3	Monti	1	42	15/09/2015	25/10/2015	40	7	7	8	7	7	5	7	8	7	7
S3	Woogenellup	2	43	15/09/2015	25/10/2015	40	7	7	11	6	6	7	7	6	6	8
S3	Leura	2	44	15/09/2015	25/10/2015	40	7	7	10	5	7	7	8	7	6	7
S3	Narrikup	2	45	15/09/2015	25/10/2015	40	6	6	11	6	6	7	7	7	8	7
S3	Antas 	2	46	15/09/2015	25/10/2015	40	7	7	9	6	7	9	7	6	7	7
S3	Denmark	2	47	15/09/2015	25/10/2015	40	7	7	12	6	5	7	7	7	8	7
S3	Monti	2	48	15/09/2015	25/10/2015	40	7	7	10	5	7	7	7	8	9	7
S3	Leura	3	49	15/09/2015	25/10/2015	40	7	7	6	6	7	7	7	7	7	6
S3	Woogenellup	3	50	15/09/2015	25/10/2015	40	7	7	7	6	7	7	9	7	7	7
S3	Antas 	3	51	15/09/2015	25/10/2015	40	7	7	8	8	6	7	7	6	6	7
S3	Monti	3	52	15/09/2015	25/10/2015	40	8	8	7	7	7	7	6	7	7	7
S3	Narrikup	3	53	15/09/2015	25/10/2015	40	7	7	8	7	6	7	6	7	9	7
S3	Denmark	3	54	15/09/2015	25/10/2015	40	8	8	6	6	7	7	9	7	6	7
S3	Denmark	1	37	15/09/2015	1/11/2015	47	8	9	8	9	10	9	9	8	9	9
S3	Antas 	1	38	15/09/2015	1/11/2015	47	9	9	9	10	8	9	9	9	9	9
S3	Woogenellup	1	39	15/09/2015	1/11/2015	47	9	9	10	9	8	9	10	9	8	10
S3	Leura	1	40	15/09/2015	1/11/2015	47	9	9	8	9	9	9	9	9	9	9
S3	Narrikup	1	41	15/09/2015	1/11/2015	47	9	9	9	10	9	9	9	9	8	9
S3	Monti	1	42	15/09/2015	1/11/2015	47	9	9	10	9	9	9	9	10	9	9
S3	Woogenellup	2	43	15/09/2015	1/11/2015	47	9	9	13	7	9	10	9	8	8	10
S3	Leura	2	44	15/09/2015	1/11/2015	47	9	9	12	8	9	9	10	9	8	9
S3	Narrikup	2	45	15/09/2015	1/11/2015	47	8	8	13	8	8	9	9	9	10	9
S3	Antas 	2	46	15/09/2015	1/11/2015	47	9	9	11	8	9	11	9	8	9	9
S3	Denmark	2	47	15/09/2015	1/11/2015	47	10	8	12	8	9	9	9	9	10	9
S3	Monti	2	48	15/09/2015	1/11/2015	47	9	9	12	8	9	9	9	10	11	9
S3	Leura	3	49	15/09/2015	1/11/2015	47	9	9	9	11	9	8	10	9	8	8
S3	Woogenellup	3	50	15/09/2015	1/11/2015	47	9	8	10	9	9	9	9	9	9	9
S3	Antas 	3	51	15/09/2015	1/11/2015	47	9	9	10	10	8	9	9	8	8	9
S3	Monti	3	52	15/09/2015	1/11/2015	47	10	10	9	9	9	9	8	9	9	9
S3	Narrikup	3	53	15/09/2015	1/11/2015	47	9	8	9	10	9	9	9	9	9	9
S3	Denmark	3	54	15/09/2015	1/11/2015	47	11	10	8	9	9	9	11	9	8	9
S3	Denmark	1	37	15/09/2015	7/11/2015	53	9	10	9	10	11	10	10	9	10	10
S3	Antas 	1	38	15/09/2015	7/11/2015	53	10	10	10	11	9	10	10	10	10	10
S3	Woogenellup	1	39	15/09/2015	7/11/2015	53	10	10	11	10	9	10	11	10	9	11
S3	Leura	1	40	15/09/2015	7/11/2015	53	10	10	9	10	10	10	10	10	10	10
S3	Narrikup	1	41	15/09/2015	7/11/2015	53	10	10	10	11	10	10	10	10	9	10
S3	Monti	1	42	15/09/2015	7/11/2015	53	10	10	11	10	10	10	10	11	10	10
S3	Woogenellup	2	43	15/09/2015	7/11/2015	53	10	10	14	8	10	11	10	9	9	11
S3	Leura	2	44	15/09/2015	7/11/2015	53	10	10	13	9	10	10	11	10	9	10
S3	Narrikup	2	45	15/09/2015	7/11/2015	53	9	9	14	9	9	10	10	10	11	10
S3	Antas 	2	46	15/09/2015	7/11/2015	53	10	10	12	9	10	12	10	9	10	10
S3	Denmark	2	47	15/09/2015	7/11/2015	53	11	9	13	9	10	10	10	10	11	10
S3	Monti	2	48	15/09/2015	7/11/2015	53	10	10	13	9	10	10	10	11	12	10
S3	Leura	3	49	15/09/2015	7/11/2015	53	10	10	10	12	10	9	11	10	9	9
S3	Woogenellup	3	50	15/09/2015	7/11/2015	53	10	9	11	10	10	10	10	10	10	10
S3	Antas 	3	51	15/09/2015	7/11/2015	53	10	10	11	11	9	10	10	9	9	10
S3	Monti	3	52	15/09/2015	7/11/2015	53	11	11	10	10	10	10	9	10	10	10
S3	Narrikup	3	53	15/09/2015	7/11/2015	53	10	9	10	11	10	10	10	10	10	10
S3	Denmark	3	54	15/09/2015	7/11/2015	53	12	11	9	10	10	10	12	10	9	10
S4	Narrikup	1	55	5/11/2015	5/11/2015	0	0	0	0	0	0	0	0	0	0	0
S4	Antas 	1	56	5/11/2015	5/11/2015	0	0	0	0	0	0	0	0	0	0	0
S4	Denmark	1	57	5/11/2015	5/11/2015	0	0	0	0	0	0	0	0	0	0	0
S4	Leura	1	58	5/11/2015	5/11/2015	0	0	0	0	0	0	0	0	0	0	0
S4	Monti	1	59	5/11/2015	5/11/2015	0	0	0	0	0	0	0	0	0	0	0
S4	Woogenellup	1	60	5/11/2015	5/11/2015	0	0	0	0	0	0	0	0	0	0	0
S4	Antas 	2	61	5/11/2015	5/11/2015	0	0	0	0	0	0	0	0	0	0	0
S4	Woogenellup	2	62	5/11/2015	5/11/2015	0	0	0	0	0	0	0	0	0	0	0
S4	Narrikup	2	63	5/11/2015	5/11/2015	0	0	0	0	0	0	0	0	0	0	0
S4	Leura	2	64	5/11/2015	5/11/2015	0	0	0	0	0	0	0	0	0	0	0
S4	Denmark	2	65	5/11/2015	5/11/2015	0	0	0	0	0	0	0	0	0	0	0
S4	Monti	2	66	5/11/2015	5/11/2015	0	0	0	0	0	0	0	0	0	0	0
S4	Leura	3	67	5/11/2015	5/11/2015	0	0	0	0	0	0	0	0	0	0	0
S4	Monti	3	68	5/11/2015	5/11/2015	0	0	0	0	0	0	0	0	0	0	0
S4	Narrikup	3	69	5/11/2015	5/11/2015	0	0	0	0	0	0	0	0	0	0	0
S4	Antas 	3	70	5/11/2015	5/11/2015	0	0	0	0	0	0	0	0	0	0	0
S4	Woogenellup	3	71	5/11/2015	5/11/2015	0	0	0	0	0	0	0	0	0	0	0
S4	Denmark	3	72	5/11/2015	5/11/2015	0	0	0	0	0	0	0	0	0	0	0
S4	Narrikup	1	55	5/11/2015	23/11/2015	18	0	1	0	0	0	0	0	0	0	0
S4	Antas 	1	56	5/11/2015	23/11/2015	18	0	0	0	0	0	0	0	0	0	0
S4	Denmark	1	57	5/11/2015	23/11/2015	18	0	0	0	0	0	0	0	0	0	0
S4	Leura	1	58	5/11/2015	23/11/2015	18	0	0	0	0	0	0	0	0	0	0
S4	Monti	1	59	5/11/2015	23/11/2015	18	0	0	0	0	0	0	0	0	0	0
S4	Woogenellup	1	60	5/11/2015	23/11/2015	18	0	0	0	0	0	0	0	0	0	0
S4	Antas 	2	61	5/11/2015	23/11/2015	18	0	0	0	0	0	0	0	0	0	0
S4	Woogenellup	2	62	5/11/2015	23/11/2015	18	0	0	0	0	0	0	0	0	0	0
S4	Narrikup	2	63	5/11/2015	23/11/2015	18	0	0	0	0	0	0	0	0	0	0
S4	Leura	2	64	5/11/2015	23/11/2015	18	0	0	0	0	0	0	0	0	0	0
S4	Denmark	2	65	5/11/2015	23/11/2015	18	1	0	1	1	0	0	0	0	0	0
S4	Monti	2	66	5/11/2015	23/11/2015	18	0	0	0	0	0	0	0	0	0	0
S4	Leura	3	67	5/11/2015	23/11/2015	18	1	0	0	1	0	1	1	0	0	0
S4	Monti	3	68	5/11/2015	23/11/2015	18	0	1	1	1	0	1	1	0	0	0
S4	Narrikup	3	69	5/11/2015	23/11/2015	18	1	1	0	0	1	0	0	0	1	1
S4	Antas 	3	70	5/11/2015	23/11/2015	18	0	0	0	0	1	0	0	0	0	0
S4	Woogenellup	3	71	5/11/2015	23/11/2015	18	1	0	0	0	1	0	0	0	0	1
S4	Denmark	3	72	5/11/2015	23/11/2015	18	0	1	1	1	0	1	0	0	0	0
S4	Narrikup	1	55	5/11/2015	29/11/2015	24	1	1	1	1	1	1	1	1	2	1
S4	Antas 	1	56	5/11/2015	29/11/2015	24	1	1	0	1	0	0	0	1	0	1
S4	Denmark	1	57	5/11/2015	29/11/2015	24	1	1	0	1	1	1	1	1	0	1
S4	Leura	1	58	5/11/2015	29/11/2015	24	1	1	1	1	1	1	1	1	0	1
S4	Monti	1	59	5/11/2015	29/11/2015	24	1	1	0	1	1	1	1	0	1	1
S4	Woogenellup	1	60	5/11/2015	29/11/2015	24	1	1	0	0	0	1	1	1	1	1
S4	Antas 	2	61	5/11/2015	29/11/2015	24	1	1	1	1	1	1	1	1	0	1
S4	Woogenellup	2	62	5/11/2015	29/11/2015	24	0	0	1	1	1	1	0	0	0	0
S4	Narrikup	2	63	5/11/2015	29/11/2015	24	1	1	2	1	1	1	1	1	1	1
S4	Leura	2	64	5/11/2015	29/11/2015	24	0	0	1	1	1	0	1	1	1	0
S4	Denmark	2	65	5/11/2015	29/11/2015	24	1	1	1	1	1	2	0	1	1	1
S4	Monti	2	66	5/11/2015	29/11/2015	24	1	1	1	0	1	1	0	1	1	1
S4	Leura	3	67	5/11/2015	29/11/2015	24	1	1	1	1	1	0	1	0	1	1
S4	Monti	3	68	5/11/2015	29/11/2015	24	1	1	1	1	2	1	2	1	1	1
S4	Narrikup	3	69	5/11/2015	29/11/2015	24	1	1	1	1	1	2	1	1	1	1
S4	Antas 	3	70	5/11/2015	29/11/2015	24	1	1	1	1	1	1	1	2	1	1
S4	Woogenellup	3	71	5/11/2015	29/11/2015	24	1	1	1	1	1	1	2	1	1	1
S4	Denmark	3	72	5/11/2015	29/11/2015	24	1	1	1	1	1	2	1	1	1	1
S4	Narrikup	1	55	5/11/2015	8/12/2015	33	3	3	3	3	4	2	3	3	3	3
S4	Antas 	1	56	5/11/2015	8/12/2015	33	1	1	1	1	1	1	0	0	0	1
S4	Denmark	1	57	5/11/2015	8/12/2015	33	1	1	1	1	0	0	1	1	1	1
S4	Leura	1	58	5/11/2015	8/12/2015	33	1	1	1	1	1	1	1	0	1	1
S4	Monti	1	59	5/11/2015	8/12/2015	33	3	3	3	3	4	3	3	3	4	1
S4	Woogenellup	1	60	5/11/2015	8/12/2015	33	1	2	2	1	1	1	1	1	1	1
S4	Antas 	2	61	5/11/2015	8/12/2015	33	0	1	0	0	2	1	1	0	1	0
S4	Woogenellup	2	62	5/11/2015	8/12/2015	33	1	1	1	1	0	0	1	1	0	0
S4	Narrikup	2	63	5/11/2015	8/12/2015	33	9	4	4	3	4	2	3	3	3	3
S4	Leura	2	64	5/11/2015	8/12/2015	33	1	1	1	0	0	1	1	1	1	1
S4	Denmark	2	65	5/11/2015	8/12/2015	33	1	2	1	0	1	1	1	1	2	1
S4	Monti	2	66	5/11/2015	8/12/2015	33	1	3	4	2	3	3	3	4	3	3
S4	Leura	3	67	5/11/2015	8/12/2015	33	1	1	0	1	1	2	1	0	1	1
S4	Monti	3	68	5/11/2015	8/12/2015	33	3	3	3	2	4	4	2	3	2	3
S4	Narrikup	3	69	5/11/2015	8/12/2015	33	4	4	3	3	3	3	4	2	5	3
S4	Antas 	3	70	5/11/2015	8/12/2015	33	1	1	0	2	0	0	1	0	1	0
S4	Woogenellup	3	71	5/11/2015	8/12/2015	33	1	1	1	1	2	1	2	1	1	0
S4	Denmark	3	72	5/11/2015	8/12/2015	33	1	0	1	2	1	1	1	1	2	1
S4	Narrikup	1	55	5/11/2015	13/12/2015	38	3	4	5	3	3	4	5	3	3	5
S4	Antas 	1	56	5/11/2015	13/12/2015	38	3	3	3	3	3	5	3	3	2	3
S4	Denmark	1	57	5/11/2015	13/12/2015	38	3	3	3	3	2	3	2	3	4	3
S4	Leura	1	58	5/11/2015	13/12/2015	38	3	2	3	4	3	2	3	2	3	4
S4	Monti	1	59	5/11/2015	13/12/2015	38	3	5	3	2	3	4	3	3	3	3
S4	Woogenellup	1	60	5/11/2015	13/12/2015	38	3	3	2	3	3	3	3	3	4	3
S4	Antas 	2	61	5/11/2015	13/12/2015	38	3	2	3	3	3	3	3	3	3	3
S4	Woogenellup	2	62	5/11/2015	13/12/2015	38	3	3	3	3	3	2	3	4	3	3
S4	Narrikup	2	63	5/11/2015	13/12/2015	38	3	4	4	3	3	3	3	4	3	3
S4	Leura	2	64	5/11/2015	13/12/2015	38	3	2	2	3	4	3	4	2	3	3
S4	Denmark	2	65	5/11/2015	13/12/2015	38	3	3	3	3	3	3	3	3	3	3
S4	Monti	2	66	5/11/2015	13/12/2015	38	3	2	2	3	3	3	3	4	4	3
S4	Leura	3	67	5/11/2015	13/12/2015	38	3	3	3	3	3	3	3	2	4	3
S4	Monti	3	68	5/11/2015	13/12/2015	38	3	3	3	3	3	4	3	4	3	3
S4	Narrikup	3	69	5/11/2015	13/12/2015	38	3	3	3	2	3	3	3	3	3	3
S4	Antas 	3	70	5/11/2015	13/12/2015	38	3	3	2	3	2	3	3	4	5	3
S4	Woogenellup	3	71	5/11/2015	13/12/2015	38	3	3	3	3	3	5	3	2	3	3
S4	Denmark	3	72	5/11/2015	13/12/2015	38	3	4	2	3	3	3	3	2	3	3
S4	Narrikup	1	55	5/11/2015	17/12/2015	42	6	7	8	6	6	7	8	6	6	8
S4	Antas 	1	56	5/11/2015	17/12/2015	42	6	6	6	6	6	8	6	6	5	6
S4	Denmark	1	57	5/11/2015	17/12/2015	42	6	6	6	6	5	6	5	6	7	6
S4	Leura	1	58	5/11/2015	17/12/2015	42	6	5	6	7	6	5	6	5	6	7
S4	Monti	1	59	5/11/2015	17/12/2015	42	6	8	6	5	6	7	6	6	6	6
S4	Woogenellup	1	60	5/11/2015	17/12/2015	42	6	6	5	6	6	6	6	6	7	6
S4	Antas 	2	61	5/11/2015	17/12/2015	42	6	5	6	6	6	6	6	6	6	6
S4	Woogenellup	2	62	5/11/2015	17/12/2015	42	6	6	6	6	6	5	6	7	6	6
S4	Narrikup	2	63	5/11/2015	17/12/2015	42	6	7	7	6	6	6	6	7	6	6
S4	Leura	2	64	5/11/2015	17/12/2015	42	6	5	5	6	7	6	7	5	6	6
S4	Denmark	2	65	5/11/2015	17/12/2015	42	6	6	6	6	6	6	6	6	6	6
S4	Monti	2	66	5/11/2015	17/12/2015	42	6	5	5	6	6	6	6	7	7	6
S4	Leura	3	67	5/11/2015	17/12/2015	42	6	6	6	6	6	6	6	5	7	6
S4	Monti	3	68	5/11/2015	17/12/2015	42	6	6	6	6	6	7	6	7	6	6
S4	Narrikup	3	69	5/11/2015	17/12/2015	42	6	6	6	5	6	6	6	6	6	6
S4	Antas 	3	70	5/11/2015	17/12/2015	42	6	6	5	6	5	6	6	7	8	6
S4	Woogenellup	3	71	5/11/2015	17/12/2015	42	6	6	6	6	6	8	6	5	6	6
S4	Denmark	3	72	5/11/2015	17/12/2015	42	6	7	5	6	6	6	6	5	6	6
S4	Narrikup	1	55	5/11/2015	21/12/2015	46	11	12	13	11	11	12	13	11	11	13
S4	Antas 	1	56	5/11/2015	21/12/2015	46	9	11	12	11	11	13	11	11	10	11
S4	Denmark	1	57	5/11/2015	21/12/2015	46	10	11	11	11	10	11	10	11	12	11
S4	Leura	1	58	5/11/2015	21/12/2015	46	11	10	11	12	11	10	11	10	11	12
S4	Monti	1	59	5/11/2015	21/12/2015	46	13	10	10	11	11	12	11	11	12	10
S4	Woogenellup	1	60	5/11/2015	21/12/2015	46	11	11	10	13	9	11	11	11	12	9
S4	Antas 	2	61	5/11/2015	21/12/2015	46	11	10	11	10	11	11	10	11	11	10
S4	Woogenellup	2	62	5/11/2015	21/12/2015	46	11	11	11	11	11	10	11	12	11	10
S4	Narrikup	2	63	5/11/2015	21/12/2015	46	13	10	15	12	12	11	10	11	11	12
S4	Leura	2	64	5/11/2015	21/12/2015	46	10	10	10	11	12	11	12	10	11	10
S4	Denmark	2	65	5/11/2015	21/12/2015	46	11	11	11	9	11	9	11	11	11	10
S4	Monti	2	66	5/11/2015	21/12/2015	46	14	12	11	11	12	11	11	13	11	10
S4	Leura	3	67	5/11/2015	21/12/2015	46	11	8	12	11	11	11	11	10	12	10
S4	Monti	3	68	5/11/2015	21/12/2015	46	11	13	11	10	11	12	11	11	11	11
S4	Narrikup	3	69	5/11/2015	21/12/2015	46	10	12	13	13	11	12	13	14	11	13
S4	Antas 	3	70	5/11/2015	21/12/2015	46	10	11	10	11	10	11	11	12	13	9
S4	Woogenellup	3	71	5/11/2015	21/12/2015	46	11	11	11	9	11	13	11	10	11	10
S4	Denmark	3	72	5/11/2015	21/12/2015	46	12	12	10	8	11	11	11	10	11	10
S5	Woogenellup	1	73	15/12/2015	15/12/15	0	0	0	0	0	0	0	0	0	0	0
S5	Leura	1	74	15/12/2015	15/12/15	0	0	0	0	0	0	0	0	0	0	0
S5	Antas 	1	75	15/12/2015	15/12/15	0	0	0	0	0	0	0	0	0	0	0
S5	Narrikup	1	76	15/12/2015	15/12/15	0	0	0	0	0	0	0	0	0	0	0
S5	Monti	1	77	15/12/2015	15/12/15	0	0	0	0	0	0	0	0	0	0	0
S5	Denmark	1	78	15/12/2015	15/12/15	0	0	0	0	0	0	0	0	0	0	0
S5	Denmark	2	79	15/12/2015	15/12/15	0	0	0	0	0	0	0	0	0	0	0
S5	Monti	2	80	15/12/2015	15/12/15	0	0	0	0	0	0	0	0	0	0	0
S5	Leura	2	81	15/12/2015	15/12/15	0	0	0	0	0	0	0	0	0	0	0
S5	Woogenellup	2	82	15/12/2015	15/12/15	0	0	0	0	0	0	0	0	0	0	0
S5	Antas 	2	83	15/12/2015	15/12/15	0	0	0	0	0	0	0	0	0	0	0
S5	Narrikup	2	84	15/12/2015	15/12/15	0	0	0	0	0	0	0	0	0	0	0
S5	Leura	3	85	15/12/2015	15/12/15	0	0	0	0	0	0	0	0	0	0	0
S5	Antas 	3	86	15/12/2015	15/12/15	0	0	0	0	0	0	0	0	0	0	0
S5	Monti	3	87	15/12/2015	15/12/15	0	0	0	0	0	0	0	0	0	0	0
S5	Denmark	3	88	15/12/2015	15/12/15	0	0	0	0	0	0	0	0	0	0	0
S5	Narrikup	3	89	15/12/2015	15/12/15	0	0	0	0	0	0	0	0	0	0	0
S5	Woogenellup	3	90	15/12/2015	15/12/15	0	0	0	0	0	0	0	0	0	0	0
S5	Woogenellup	1	73	15/12/2015	27/12/15	12	0	0	0	0	0	0	0	0	0	0
S5	Leura	1	74	15/12/2015	27/12/15	12	0	0	0	0	0	0	0	0	0	0
S5	Antas 	1	75	15/12/2015	27/12/15	12	0	0	0	0	0	0	0	0	0	0
S5	Narrikup	1	76	15/12/2015	27/12/15	12	0	0	0	0	0	0	0	0	0	0
S5	Monti	1	77	15/12/2015	27/12/15	12	1	1	0	1	1	0	0	0	0	0
S5	Denmark	1	78	15/12/2015	27/12/15	12	0	0	0	0	0	0	0	0	0	0
S5	Denmark	2	79	15/12/2015	27/12/15	12	0	0	0	0	0	0	0	0	0	0
S5	Monti	2	80	15/12/2015	27/12/15	12	1	0	0	1	1	0	0	0	0	0
S5	Leura	2	81	15/12/2015	27/12/15	12	0	0	0	0	0	0	0	0	0	0
S5	Woogenellup	2	82	15/12/2015	27/12/15	12	1	0	0	0	0	0	0	0	0	0
S5	Antas 	2	83	15/12/2015	27/12/15	12	0	0	0	0	0	0	0	0	0	0
S5	Narrikup	2	84	15/12/2015	27/12/15	12	0	0	0	0	0	0	0	0	0	0
S5	Leura	3	85	15/12/2015	27/12/15	12	0	0	0	0	0	0	0	0	0	0
S5	Antas 	3	86	15/12/2015	27/12/15	12	0	0	0	0	0	0	0	0	0	0
S5	Monti	3	87	15/12/2015	27/12/15	12	1	0	0	0	0	0	0	0	0	0
S5	Denmark	3	88	15/12/2015	27/12/15	12	0	0	0	0	0	0	0	0	0	0
S5	Narrikup	3	89	15/12/2015	27/12/15	12	0	0	0	0	0	0	0	0	0	0
S5	Woogenellup	3	90	15/12/2015	27/12/15	12	0	0	0	0	0	0	0	0	0	0
S5	Woogenellup	1	73	15/12/2015	29/12/15	14	1	1	0	0	1	0	1	0	0	0
S5	Leura	1	74	15/12/2015	29/12/15	14	1	0	1	0	1	0	0	0	0	0
S5	Antas 	1	75	15/12/2015	29/12/15	14	1	0	1	1	0	0	0	0	0	0
S5	Narrikup	1	76	15/12/2015	29/12/15	14	1	0	0	0	0	0	0	0	0	0
S5	Monti	1	77	15/12/2015	29/12/15	14	1	0	1	1	0	1	1	0	1	0
S5	Denmark	1	78	15/12/2015	29/12/15	14	0	0	0	0	0	0	0	0	0	0
S5	Denmark	2	79	15/12/2015	29/12/15	14	1	0	0	1	1	0	0	0	0	0
S5	Monti	2	80	15/12/2015	29/12/15	14	1	1	1	0	1	1	1	0	1	1
S5	Leura	2	81	15/12/2015	29/12/15	14	1	1	0	1	1	0	1	0	0	1
S5	Woogenellup	2	82	15/12/2015	29/12/15	14	1	0	1	1	0	1	1	0	0	0
S5	Antas 	2	83	15/12/2015	29/12/15	14	1	0	0	0	0	1	0	1	1	0
S5	Narrikup	2	84	15/12/2015	29/12/15	14	1	1	1	1	0	0	1	0	1	1
S5	Leura	3	85	15/12/2015	29/12/15	14	1	1	1	1	1	1	0	0	1	1
S5	Antas 	3	86	15/12/2015	29/12/15	14	1	3	1	3	3	1	2	1	1	1
S5	Monti	3	87	15/12/2015	29/12/15	14	1	3	1	1	3	3	1	3	1	1
S5	Denmark	3	88	15/12/2015	29/12/15	14	0	1	1	0	1	1	0	1	1	1
S5	Narrikup	3	89	15/12/2015	29/12/15	14	1	1	0	0	1	1	1	0	1	0
S5	Woogenellup	3	90	15/12/2015	29/12/15	14	1	0	0	1	1	1	0	1	0	1
S5	Woogenellup	1	73	15/12/2015	4/01/16	20	2	2	1	1	1	1	1	2	1	1
S5	Leura	1	74	15/12/2015	4/01/16	20	2	1	2	1	2	1	1	1	2	1
S5	Antas 	1	75	15/12/2015	4/01/16	20	2	1	2	2	1	1	1	1	1	1
S5	Narrikup	1	76	15/12/2015	4/01/16	20	3	1	1	1	1	1	1	1	1	1
S5	Monti	1	77	15/12/2015	4/01/16	20	3	1	2	2	1	2	2	1	2	1
S5	Denmark	1	78	15/12/2015	4/01/16	20	1	1	1	1	1	1	1	1	1	1
S5	Denmark	2	79	15/12/2015	4/01/16	20	2	1	1	1	3	1	1	1	3	1
S5	Monti	2	80	15/12/2015	4/01/16	20	2	3	2	1	2	2	2	1	2	2
S5	Leura	2	81	15/12/2015	4/01/16	20	2	2	1	2	2	1	2	1	1	2
S5	Woogenellup	2	82	15/12/2015	4/01/16	20	2	1	2	2	1	2	2	1	1	1
S5	Antas 	2	83	15/12/2015	4/01/16	20	2	1	1	1	1	2	1	2	2	1
S5	Narrikup	2	84	15/12/2015	4/01/16	20	2	2	3	1	1	1	2	1	2	2
S5	Leura	3	85	15/12/2015	4/01/16	20	2	2	2	2	2	2	1	1	2	2
S5	Antas 	3	86	15/12/2015	4/01/16	20	1	4	2	4	4	2	4	1	2	2
S5	Monti	3	87	15/12/2015	4/01/16	20	2	4	2	2	5	4	2	5	2	2
S5	Denmark	3	88	15/12/2015	4/01/16	20	1	2	1	1	2	2	1	2	2	2
S5	Narrikup	3	89	15/12/2015	4/01/16	20	2	2	1	1	2	2	2	1	2	1
S5	Woogenellup	3	90	15/12/2015	4/01/16	20	2	1	1	2	2	2	1	2	1	2
S5	Woogenellup	1	73	15/12/2015	8/01/16	24	3	3	2	2	3	2	2	3	2	3
S5	Leura	1	74	15/12/2015	8/01/16	24	3	3	3	3	3	2	3	2	3	2
S5	Antas 	1	75	15/12/2015	8/01/16	24	3	2	3	3	2	3	3	3	2	3
S5	Narrikup	1	76	15/12/2015	8/01/16	24	4	3	3	3	3	3	3	3	3	2
S5	Monti	1	77	15/12/2015	8/01/16	24	3	2	3	3	3	3	3	3	3	3
S5	Denmark	1	78	15/12/2015	8/01/16	24	3	2	3	3	3	2	2	3	3	2
S5	Denmark	2	79	15/12/2015	8/01/16	24	3	3	3	2	4	3	3	2	4	3
S5	Monti	2	80	15/12/2015	8/01/16	24	3	4	3	2	3	3	3	2	3	3
S5	Leura	2	81	15/12/2015	8/01/16	24	3	3	2	3	3	1	3	2	3	3
S5	Woogenellup	2	82	15/12/2015	8/01/16	24	3	3	2	3	3	3	3	2	3	3
S5	Antas 	2	83	15/12/2015	8/01/16	24	3	2	2	3	2	3	2	3	3	3
S5	Narrikup	2	84	15/12/2015	8/01/16	24	3	3	4	2	3	3	3	2	3	3
S5	Leura	3	85	15/12/2015	8/01/16	24	3	3	3	3	3	3	3	3	4	3
S5	Antas 	3	86	15/12/2015	8/01/16	24	3	5	3	5	5	3	5	3	3	3
S5	Monti	3	87	15/12/2015	8/01/16	24	3	5	3	2	5	5	5	6	3	3
S5	Denmark	3	88	15/12/2015	8/01/16	24	3	4	3	3	3	3	3	3	3	3
S5	Narrikup	3	89	15/12/2015	8/01/16	24	3	3	2	3	2	3	3	3	4	3
S5	Woogenellup	3	90	15/12/2015	8/01/16	24	4	3	3	3	3	4	3	3	2	3
S5	Woogenellup	1	73	15/12/2015	15/01/16	31	5	5	4	4	5	4	4	5	4	5
S5	Leura	1	74	15/12/2015	15/01/16	31	5	5	5	5	5	4	5	4	5	4
S5	Antas 	1	75	15/12/2015	15/01/16	31	5	4	5	5	4	5	5	5	4	5
S5	Narrikup	1	76	15/12/2015	15/01/16	31	6	5	5	5	5	5	5	5	5	4
S5	Monti	1	77	15/12/2015	15/01/16	31	5	4	5	5	5	5	5	5	5	5
S5	Denmark	1	78	15/12/2015	15/01/16	31	6	4	5	5	5	4	4	5	5	4
S5	Denmark	2	79	15/12/2015	15/01/16	31	5	5	5	4	6	5	5	4	6	5
S5	Monti	2	80	15/12/2015	15/01/16	31	5	6	5	4	5	5	5	4	5	5
S5	Leura	2	81	15/12/2015	15/01/16	31	5	5	4	5	5	3	5	4	5	5
S5	Woogenellup	2	82	15/12/2015	15/01/16	31	5	5	4	5	5	5	5	4	5	5
S5	Antas 	2	83	15/12/2015	15/01/16	31	5	4	4	5	4	6	4	5	5	5
S5	Narrikup	2	84	15/12/2015	15/01/16	31	5	6	6	4	5	5	5	4	5	5
S5	Leura	3	85	15/12/2015	15/01/16	31	5	5	5	5	5	5	5	5	6	5
S5	Antas 	3	86	15/12/2015	15/01/16	31	5	7	5	7	7	5	7	5	5	5
S5	Monti	3	87	15/12/2015	15/01/16	31	5	7	5	4	7	7	8	8	5	5
S5	Denmark	3	88	15/12/2015	15/01/16	31	5	6	5	5	6	5	5	5	5	5
S5	Narrikup	3	89	15/12/2015	15/01/16	31	5	5	4	5	4	5	5	5	6	5
S5	Woogenellup	3	90	15/12/2015	15/01/16	31	6	5	5	5	5	6	5	5	4	5
S5	Woogenellup	1	73	15/12/2015	21/01/16	37	7	7	6	6	7	6	6	7	6	7
S5	Leura	1	74	15/12/2015	21/01/16	37	7	7	7	7	7	6	7	6	7	6
S5	Antas 	1	75	15/12/2015	21/01/16	37	7	6	7	7	6	7	7	7	6	7
S5	Narrikup	1	76	15/12/2015	21/01/16	37	8	7	7	7	7	7	7	7	7	6
S5	Monti	1	77	15/12/2015	21/01/16	37	7	6	7	7	7	7	7	7	7	7
S5	Denmark	1	78	15/12/2015	21/01/16	37	8	6	7	7	7	6	6	7	7	6
S5	Denmark	2	79	15/12/2015	21/01/16	37	7	7	7	6	8	7	7	6	8	7
S5	Monti	2	80	15/12/2015	21/01/16	37	7	8	7	6	7	7	7	6	7	7
S5	Leura	2	81	15/12/2015	21/01/16	37	7	7	6	7	7	5	7	6	7	7
S5	Woogenellup	2	82	15/12/2015	21/01/16	37	7	7	6	7	7	7	7	6	7	7
S5	Antas 	2	83	15/12/2015	21/01/16	37	7	6	6	7	6	8	6	7	7	7
S5	Narrikup	2	84	15/12/2015	21/01/16	37	7	8	8	6	7	7	7	6	7	7
S5	Leura	3	85	15/12/2015	21/01/16	37	7	7	7	7	7	7	7	7	8	7
S5	Antas 	3	86	15/12/2015	21/01/16	37	7	9	7	9	9	7	9	7	7	7
S5	Monti	3	87	15/12/2015	21/01/16	37	7	9	7	6	9	9	10	10	7	7
S5	Denmark	3	88	15/12/2015	21/01/16	37	7	8	7	7	8	7	7	7	7	7
S5	Narrikup	3	89	15/12/2015	21/01/16	37	7	7	6	7	6	7	7	7	8	7
S5	Woogenellup	3	90	15/12/2015	21/01/16	37	8	7	7	7	7	8	7	7	6	7
S5	Woogenellup	1	73	15/12/2015	25/01/16	41	10	10	9	9	10	9	9	10	9	10
S5	Leura	1	74	15/12/2015	25/01/16	41	10	10	10	10	10	9	10	9	10	9
S5	Antas 	1	75	15/12/2015	25/01/16	41	10	9	10	10	9	10	10	10	9	10
S5	Narrikup	1	76	15/12/2015	25/01/16	41	11	10	10	10	10	10	10	10	10	9
S5	Monti	1	77	15/12/2015	25/01/16	41	10	9	10	10	10	10	10	10	10	10
S5	Denmark	1	78	15/12/2015	25/01/16	41	11	9	10	10	10	9	9	10	10	9
S5	Denmark	2	79	15/12/2015	25/01/16	41	10	10	10	9	11	10	10	9	11	10
S5	Monti	2	80	15/12/2015	25/01/16	41	10	11	10	9	10	10	10	9	10	10
S5	Leura	2	81	15/12/2015	25/01/16	41	10	10	9	10	10	8	10	9	10	10
S5	Woogenellup	2	82	15/12/2015	25/01/16	41	10	10	9	10	10	10	10	9	10	10
S5	Antas 	2	83	15/12/2015	25/01/16	41	10	9	9	10	9	11	9	10	10	10
S5	Narrikup	2	84	15/12/2015	25/01/16	41	10	11	11	9	10	10	10	9	10	10
S5	Leura	3	85	15/12/2015	25/01/16	41	10	10	10	10	10	10	10	10	11	10
S5	Antas 	3	86	15/12/2015	25/01/16	41	10	12	10	12	12	10	12	10	10	10
S5	Monti	3	87	15/12/2015	25/01/16	41	10	12	10	9	12	12	13	13	10	10
S5	Denmark	3	88	15/12/2015	25/01/16	41	10	11	10	10	11	10	10	10	10	10
S5	Narrikup	3	89	15/12/2015	25/01/16	41	10	10	9	10	9	10	10	10	11	10
S5	Woogenellup	3	90	15/12/2015	25/01/16	41	11	10	10	10	10	11	10	10	9	10
S6	Denmark	1	91	17/02/2016	17/02/16	0	0	0	0	0	0	0	0	0	0	0
S6	Monti	1	92	17/02/2016	17/02/16	0	0	0	0	0	0	0	0	0	0	0
S6	Woogenellup	1	93	17/02/2016	17/02/16	0	0	0	0	0	0	0	0	0	0	0
S6	Leura	1	94	17/02/2016	17/02/16	0	0	0	0	0	0	0	0	0	0	0
S6	Antas 	1	95	17/02/2016	17/02/16	0	0	0	0	0	0	0	0	0	0	0
S6	Narrikup	1	96	17/02/2016	17/02/16	0	0	0	0	0	0	0	0	0	0	0
S6	Leura	2	97	17/02/2016	17/02/16	0	0	0	0	0	0	0	0	0	0	0
S6	Monti	2	98	17/02/2016	17/02/16	0	0	0	0	0	0	0	0	0	0	0
S6	Woogenellup	2	99	17/02/2016	17/02/16	0	0	0	0	0	0	0	0	0	0	0
S6	Denmark	2	100	17/02/2016	17/02/16	0	0	0	0	0	0	0	0	0	0	0
S6	Narrikup	2	101	17/02/2016	17/02/16	0	0	0	0	0	0	0	0	0	0	0
S6	Antas 	2	102	17/02/2016	17/02/16	0	0	0	0	0	0	0	0	0	0	0
S6	Woogenellup	3	103	17/02/2016	17/02/16	0	0	0	0	0	0	0	0	0	0	0
S6	Leura	3	104	17/02/2016	17/02/16	0	0	0	0	0	0	0	0	0	0	0
S6	Antas 	3	105	17/02/2016	17/02/16	0	0	0	0	0	0	0	0	0	0	0
S6	Denmark	3	106	17/02/2016	17/02/16	0	0	0	0	0	0	0	0	0	0	0
S6	Narrikup	3	107	17/02/2016	17/02/16	0	0	0	0	0	0	0	0	0	0	0
S6	Monti	3	108	17/02/2016	17/02/16	0	0	0	0	0	0	0	0	0	0	0
S6	Denmark	1	91	17/02/2016	27/02/16	10	0	0	0	0	0	0	0	0	0	0
S6	Monti	1	92	17/02/2016	27/02/16	10	0	0	0	0	0	0	0	0	0	0
S6	Woogenellup	1	93	17/02/2016	27/02/16	10	0	0	0	0	0	0	0	0	0	0
S6	Leura	1	94	17/02/2016	27/02/16	10	0	0	0	0	0	0	0	0	0	0
S6	Antas 	1	95	17/02/2016	27/02/16	10	0	0	0	0	0	0	0	0	0	0
S6	Narrikup	1	96	17/02/2016	27/02/16	10	0	0	0	0	0	0	0	0	0	0
S6	Leura	2	97	17/02/2016	27/02/16	10	0	0	0	0	0	0	0	0	0	0
S6	Monti	2	98	17/02/2016	27/02/16	10	0	0	0	0	0	0	0	0	0	0
S6	Woogenellup	2	99	17/02/2016	27/02/16	10	0	0	0	0	0	0	0	0	0	0
S6	Denmark	2	100	17/02/2016	27/02/16	10	0	0	0	0	0	0	0	0	0	0
S6	Narrikup	2	101	17/02/2016	27/02/16	10	0	0	0	0	0	0	0	0	0	0
S6	Antas 	2	102	17/02/2016	27/02/16	10	0	0	0	0	0	0	0	0	0	0
S6	Woogenellup	3	103	17/02/2016	27/02/16	10	0	0	0	0	0	0	0	0	0	0
S6	Leura	3	104	17/02/2016	27/02/16	10	0	0	0	0	0	0	0	0	0	0
S6	Antas 	3	105	17/02/2016	27/02/16	10	0	0	0	0	0	0	0	0	0	0
S6	Denmark	3	106	17/02/2016	27/02/16	10	0	0	0	0	0	0	0	0	0	0
S6	Narrikup	3	107	17/02/2016	27/02/16	10	0	0	0	0	0	0	0	0	0	0
S6	Monti	3	108	17/02/2016	27/02/16	10	0	0	0	0	0	0	0	0	0	0
S6	Denmark	1	91	17/02/2016	5/03/16	17	0	1	0	0	0	0	0	0	0	1
S6	Monti	1	92	17/02/2016	5/03/16	17	0	0	1	0	0	0	0	0	0	1
S6	Woogenellup	1	93	17/02/2016	5/03/16	17	1	0	0	0	0	0	0	0	0	0
S6	Leura	1	94	17/02/2016	5/03/16	17	0	0	0	1	0	0	0	0	0	0
S6	Antas 	1	95	17/02/2016	5/03/16	17	0	0	0	0	0	0	1	0	0	0
S6	Narrikup	1	96	17/02/2016	5/03/16	17	0	1	0	0	0	0	0	0	1	0
S6	Leura	2	97	17/02/2016	5/03/16	17	0	1	0	0	1	0	0	3	0	0
S6	Monti	2	98	17/02/2016	5/03/16	17	0	0	0	2	0	1	0	0	0	0
S6	Woogenellup	2	99	17/02/2016	5/03/16	17	0	0	0	0	0	0	0	1	0	1
S6	Denmark	2	100	17/02/2016	5/03/16	17	0	0	0	0	0	1	0	1	0	0
S6	Narrikup	2	101	17/02/2016	5/03/16	17	1	0	0	0	1	0	1	0	0	0
S6	Antas 	2	102	17/02/2016	5/03/16	17	0	0	0	0	0	1	0	0	0	1
S6	Woogenellup	3	103	17/02/2016	5/03/16	17	0	0	0	1	1	0	0	1	1	0
S6	Leura	3	104	17/02/2016	5/03/16	17	1	0	0	1	1	0	1	0	0	0
S6	Antas 	3	105	17/02/2016	5/03/16	17	1	0	0	0	1	1	0	1	0	0
S6	Denmark	3	106	17/02/2016	5/03/16	17	1	1	3	0	0	1	0	2	1	0
S6	Narrikup	3	107	17/02/2016	5/03/16	17	0	0	1	2	0	0	0	0	0	0
S6	Monti	3	108	17/02/2016	5/03/16	17	3	0	1	2	0	0	1	1	2	3
S6	Denmark	1	91	17/02/2016	11/03/16	23	2	3	3	2	2	2	2	2	2	3
S6	Monti	1	92	17/02/2016	11/03/16	23	3	2	3	0	1	2	2	0	0	3
S6	Woogenellup	1	93	17/02/2016	11/03/16	23	3	1	2	2	2	2	2	2	2	1
S6	Leura	1	94	17/02/2016	11/03/16	23	3	2	2	3	2	2	1	2	1	2
S6	Antas 	1	95	17/02/2016	11/03/16	23	2	2	2	2	3	2	1	2	3	2
S6	Narrikup	1	96	17/02/2016	11/03/16	23	2	3	0	2	3	2	2	3	2	3
S6	Leura	2	97	17/02/2016	11/03/16	23	3	1	2	2	1	2	2	3	2	3
S6	Monti	2	98	17/02/2016	11/03/16	23	3	0	0	4	0	3	3	3	1	2
S6	Woogenellup	2	99	17/02/2016	11/03/16	23	2	1	2	2	3	2	2	1	3	3
S6	Denmark	2	100	17/02/2016	11/03/16	23	3	0	3	2	3	3	3	3	2	3
S6	Narrikup	2	101	17/02/2016	11/03/16	23	3	1	3	2	3	3	2	2	3	3
S6	Antas 	2	102	17/02/2016	11/03/16	23	2	2	0	2	2	1	3	2	3	2
S6	Woogenellup	3	103	17/02/2016	11/03/16	23	3	3	2	3	3	2	3	3	2	3
S6	Leura	3	104	17/02/2016	11/03/16	23	3	2	0	1	3	3	3	2	3	2
S6	Antas 	3	105	17/02/2016	11/03/16	23	3	2	2	2	3	3	3	2	3	2
S6	Denmark	3	106	17/02/2016	11/03/16	23	4	5	3	2	3	4	3	5	3	3
S6	Narrikup	3	107	17/02/2016	11/03/16	23	3	3	3	5	2	3	4	0	2	1
S6	Monti	3	108	17/02/2016	11/03/16	23	3	0	1	2	0	0	1	1	2	3
S6	Denmark	1	91	17/02/2016	15/03/16	27	3	3	4	3	4	3	4	4	3	3
S6	Monti	1	92	17/02/2016	15/03/16	27	2	3	2	1	3	3	3	1	1	4
S6	Woogenellup	1	93	17/02/2016	15/03/16	27	4	2	1	2	2	3	3	3	3	2
S6	Leura	1	94	17/02/2016	15/03/16	27	4	5	3	4	4	4	2	3	3	3
S6	Antas 	1	95	17/02/2016	15/03/16	27	3	3	3	3	3	3	3	4	4	3
S6	Narrikup	1	96	17/02/2016	15/03/16	27	2	3	3	4	4	3	4	4	3	4
S6	Leura	2	97	17/02/2016	15/03/16	27	3	3	3	3	3	3	3	4	4	4
S6	Monti	2	98	17/02/2016	15/03/16	27	4	1	1	4	2	3	2	3	3	4
S6	Woogenellup	2	99	17/02/2016	15/03/16	27	3	3	3	3	4	3	3	3	4	4
S6	Denmark	2	100	17/02/2016	15/03/16	27	5	4	3	4	5	5	5	4	4	5
S6	Narrikup	2	101	17/02/2016	15/03/16	27	4	2	4	3	4	5	4	3	4	4
S6	Antas 	2	102	17/02/2016	15/03/16	27	3	3	3	3	3	3	3	3	2	3
S6	Woogenellup	3	103	17/02/2016	15/03/16	27	5	5	4	5	5	3	5	4	4	4
S6	Leura	3	104	17/02/2016	15/03/16	27	4	3	4	4	4	4	5	4	5	4
S6	Antas 	3	105	17/02/2016	15/03/16	27	4	4	3	5	5	3	4	4	5	4
S6	Denmark	3	106	17/02/2016	15/03/16	27	5	6	5	4	4	5	5	6	5	5
S6	Narrikup	3	107	17/02/2016	15/03/16	27	6	5	4	5	3	4	5	3	4	4
S6	Monti	3	108	17/02/2016	15/03/16	27	3	2	3	4	3	2	3	3	3	4
S6	Denmark	1	91	17/02/2016	20/03/16	32	3	3	4	3	5	4	5	6	4	3
S6	Monti	1	92	17/02/2016	20/03/16	32	2	4	2	2	4	3	4	2	2	4
S6	Woogenellup	1	93	17/02/2016	20/03/16	32	5	3	1	2	2	3	4	3	4	2
S6	Leura	1	94	17/02/2016	20/03/16	32	5	7	3	4	5	5	3	4	4	3
S6	Antas 	1	95	17/02/2016	20/03/16	32	3	4	4	4	3	3	5	6	5	4
S6	Narrikup	1	96	17/02/2016	20/03/16	32	2	3	5	5	5	4	5	4	4	5
S6	Leura	2	97	17/02/2016	20/03/16	32	3	5	3	3	5	4	4	4	5	4
S6	Monti	2	98	17/02/2016	20/03/16	32	4	2	2	4	3	3	2	3	4	5
S6	Woogenellup	2	99	17/02/2016	20/03/16	32	3	5	3	3	5	4	4	4	5	4
S6	Denmark	2	100	17/02/2016	20/03/16	32	6	7	3	5	6	6	7	5	6	6
S6	Narrikup	2	101	17/02/2016	20/03/16	32	4	2	4	4	5	6	5	4	5	4
S6	Antas 	2	102	17/02/2016	20/03/16	32	3	4	5	4	3	4	3	4	2	3
S6	Woogenellup	3	103	17/02/2016	20/03/16	32	6	6	5	6	7	4	6	4	5	5
S6	Leura	3	104	17/02/2016	20/03/16	32	5	4	7	6	5	4	6	5	6	5
S6	Antas 	3	105	17/02/2016	20/03/16	32	4	5	4	7	6	3	5	6	6	5
S6	Denmark	3	106	17/02/2016	20/03/16	32	6	7	6	5	5	6	7	6	7	6
S6	Narrikup	3	107	17/02/2016	20/03/16	32	8	7	5	5	4	4	5	5	5	6
S6	Monti	3	108	17/02/2016	20/03/16	32	3	3	4	6	5	4	4	5	3	4
S6	Denmark	1	91	17/02/2016	31/03/16	43	1	7	1	15	10	9	9	5	6	1
S6	Monti	1	92	17/02/2016	31/03/16	43	4	3	4	2	3	1	1	4	4	2
S6	Woogenellup	1	93	17/02/2016	31/03/16	43	4	6	1	8	2	6	10	11	1	1
S6	Leura	1	94	17/02/2016	31/03/16	43	2	0	0	1	2	4	9	7	1	1
S6	Antas 	1	95	17/02/2016	31/03/16	43	11	16	5	10	7	9	8	8	15	4
S6	Narrikup	1	96	17/02/2016	31/03/16	43	9	1	4	1	5	2	0	1	4	5
S6	Leura	2	97	17/02/2016	31/03/16	43	7	6	5	9	8	8	12	5	10	1
S6	Monti	2	98	17/02/2016	31/03/16	43	2	11	5	3	4	2	5	5	2	5
S6	Woogenellup	2	99	17/02/2016	31/03/16	43	12	9	12	9	9	13	10	8	12	6
S6	Denmark	2	100	17/02/2016	31/03/16	43	3	6	4	6	4	4	8	12	14	13
S6	Narrikup	2	101	17/02/2016	31/03/16	43	3	6	6	3	8	9	8	3	3	11
S6	Antas 	2	102	17/02/2016	31/03/16	43	10	13	11	7	1	11	13	1	12	8
S6	Woogenellup	3	103	17/02/2016	31/03/16	43	11	12	12	4	9	14	8	15	21	13
S6	Leura	3	104	17/02/2016	31/03/16	43	25	5	8	6	4	14	2	23	14	13
S6	Antas 	3	105	17/02/2016	31/03/16	43	5	3	7	12	17	16	15	5	13	4
S6	Denmark	3	106	17/02/2016	31/03/16	43	18	4	5	3	13	8	4	7	8	6
S6	Narrikup	3	107	17/02/2016	31/03/16	43	5	3	6	5	3	3	1	2	7	9
S6	Monti	3	108	17/02/2016	31/03/16	43	1	2	1	4	5	1	5	2	1	5
S6	Denmark	1	91	17/02/2016	5/04/16	48	10	13	12	16	8	13	11	3	4	15
S6	Monti	1	92	17/02/2016	5/04/16	48	17	7	3	3	10	4	4	13	4	5
S6	Woogenellup	1	93	17/02/2016	5/04/16	48	13	4	2	5	3	5	6	9	2	2
S6	Leura	1	94	17/02/2016	5/04/16	48	10	8	8	3	7	6	10	9	2	3
S6	Antas 	1	95	17/02/2016	5/04/16	48	14	12	9	11	13	13	13	13	14	10
S6	Narrikup	1	96	17/02/2016	5/04/16	48	10	8	9	2	2	8	9	8	1	1
S6	Leura	2	97	17/02/2016	5/04/16	48	10	10	10	10	4	5	13	13	4	6
S6	Monti	2	98	17/02/2016	5/04/16	48	9	11	9	9	10	11	12	9	5	6
S6	Woogenellup	2	99	17/02/2016	5/04/16	48	12	11	11	11	13	12	11	12	12	10
S6	Denmark	2	100	17/02/2016	5/04/16	48	9	10	9	10	9	10	10	12	13	12
S6	Narrikup	2	101	17/02/2016	5/04/16	48	9	10	9	9	14	10	11	9	7	11
S6	Antas 	2	102	17/02/2016	5/04/16	48	12	12	8	9	12	11	12	9	11	14
S6	Woogenellup	3	103	17/02/2016	5/04/16	48	12	11	14	11	11	15	13	15	15	14
S6	Leura	3	104	17/02/2016	5/04/16	48	16	10	11	10	9	13	8	15	12	12
S6	Antas 	3	105	17/02/2016	5/04/16	48	9	10	11	15	14	13	15	9	12	13
S6	Denmark	3	106	17/02/2016	5/04/16	48	14	4	4	7	12	12	10	11	10	10
S6	Narrikup	3	107	17/02/2016	5/04/16	48	4	12	4	11	11	8	12	11	11	11
S6	Monti	3	108	17/02/2016	5/04/16	48	8	9	9	9	9	8	9	9	5	11
S6	Denmark	1	91	17/02/2016	7/04/16	50	14	15	16	17	7	14	12	2	3	20
S6	Monti	1	92	17/02/2016	7/04/16	50	22	9	2	4	13	5	5	16	4	6
S6	Woogenellup	1	93	17/02/2016	7/04/16	50	17	3	3	4	3	4	5	8	3	3
S6	Leura	1	94	17/02/2016	7/04/16	50	13	11	11	4	9	7	11	10	3	4
S6	Antas 	1	95	17/02/2016	7/04/16	50	15	11	11	11	15	15	15	15	13	13
S6	Narrikup	1	96	17/02/2016	7/04/16	50	11	11	11	3	2	11	12	11	2	2
S6	Leura	2	97	17/02/2016	7/04/16	50	11	12	12	11	3	4	14	16	2	8
S6	Monti	2	98	17/02/2016	7/04/16	50	12	11	11	11	12	15	15	11	6	7
S6	Woogenellup	2	99	17/02/2016	7/04/16	50	12	12	11	12	15	12	11	13	12	11
S6	Denmark	2	100	17/02/2016	7/04/16	50	11	11	11	11	11	12	11	12	12	11
S6	Narrikup	2	101	17/02/2016	7/04/16	50	12	11	10	12	17	11	11	12	10	11
S6	Antas 	2	102	17/02/2016	7/04/16	50	13	12	7	10	17	11	11	12	11	16
S6	Woogenellup	3	103	17/02/2016	7/04/16	50	12	11	15	14	12	15	15	15	12	15
S6	Leura	3	104	17/02/2016	7/04/16	50	13	12	12	12	11	12	11	12	11	12
S6	Antas 	3	105	17/02/2016	7/04/16	50	11	13	12	16	13	12	15	11	12	17
S6	Denmark	3	106	17/02/2016	7/04/16	50	13	4	3	9	11	13	12	12	11	12
S6	Narrikup	3	107	17/02/2016	7/04/16	50	4	16	3	14	15	11	16	15	12	12
S6	Monti	3	108	17/02/2016	7/04/16	50	11	12	12	11	11	11	11	12	7	13
S7	Denmark	1	109	15/03/2016	15/03/16	0	0	0	0	0	0	0	0	0	0	0
S7	Antas 	1	110	15/03/2016	15/03/16	0	0	0	0	0	0	0	0	0	0	0
S7	Woogenellup	1	111	15/03/2016	15/03/16	0	0	0	0	0	0	0	0	0	0	0
S7	Leura	1	112	15/03/2016	15/03/16	0	0	0	0	0	0	0	0	0	0	0
S7	Narrikup	1	113	15/03/2016	15/03/16	0	0	0	0	0	0	0	0	0	0	0
S7	Monti	1	114	15/03/2016	15/03/16	0	0	0	0	0	0	0	0	0	0	0
S7	Woogenellup	2	115	15/03/2016	15/03/16	0	0	0	0	0	0	0	0	0	0	0
S7	Leura	2	116	15/03/2016	15/03/16	0	0	0	0	0	0	0	0	0	0	0
S7	Narrikup	2	117	15/03/2016	15/03/16	0	0	0	0	0	0	0	0	0	0	0
S7	Antas 	2	118	15/03/2016	15/03/16	0	0	0	0	0	0	0	0	0	0	0
S7	Denmark	2	119	15/03/2016	15/03/16	0	0	0	0	0	0	0	0	0	0	0
S7	Monti	2	120	15/03/2016	15/03/16	0	0	0	0	0	0	0	0	0	0	0
S7	Leura	3	121	15/03/2016	15/03/16	0	0	0	0	0	0	0	0	0	0	0
S7	Woogenellup	3	122	15/03/2016	15/03/16	0	0	0	0	0	0	0	0	0	0	0
S7	Antas 	3	123	15/03/2016	15/03/16	0	0	0	0	0	0	0	0	0	0	0
S7	Monti	3	124	15/03/2016	15/03/16	0	0	0	0	0	0	0	0	0	0	0
S7	Narrikup	3	125	15/03/2016	15/03/16	0	0	0	0	0	0	0	0	0	0	0
S7	Denmark	3	126	15/03/2016	15/03/16	0	0	0	0	0	0	0	0	0	0	0
S7	Denmark	1	109	15/03/2016	31/03/16	16	1	1	0	1	1	1	1	1	1	0
S7	Antas 	1	110	15/03/2016	31/03/16	16	0	2	0	0	1	1	1	0	1	1
S7	Woogenellup	1	111	15/03/2016	31/03/16	16	1	0	0	0	0	1	1	1	0	1
S7	Leura	1	112	15/03/2016	31/03/16	16	1	1	2	1	1	1	0	1	0	0
S7	Narrikup	1	113	15/03/2016	31/03/16	16	1	0	1	1	0	0	1	1	1	1
S7	Monti	1	114	15/03/2016	31/03/16	16	1	1	0	0	1	1	0	0	1	1
S7	Woogenellup	2	115	15/03/2016	31/03/16	16	1	1	1	1	1	0	1	1	1	1
S7	Leura	2	116	15/03/2016	31/03/16	16	0	0	1	1	1	1	1	0	0	1
S7	Narrikup	2	117	15/03/2016	31/03/16	16	1	1	1	1	1	1	1	1	1	0
S7	Antas 	2	118	15/03/2016	31/03/16	16	0	1	0	0	0	0	0	0	0	1
S7	Denmark	2	119	15/03/2016	31/03/16	16	1	0	1	1	1	2	1	1	1	1
S7	Monti	2	120	15/03/2016	31/03/16	16	1	1	1	1	1	1	1	1	1	1
S7	Leura	3	121	15/03/2016	31/03/16	16	1	1	1	0	1	1	1	1	1	1
S7	Woogenellup	3	122	15/03/2016	31/03/16	16	1	0	1	1	1	1	1	0	1	1
S7	Antas 	3	123	15/03/2016	31/03/16	16	0	0	0	0	0	1	1	1	0	0
S7	Monti	3	124	15/03/2016	31/03/16	16	1	1	1	0	0	1	1	1	1	1
S7	Narrikup	3	125	15/03/2016	31/03/16	16	1	1	0	0	0	1	1	1	1	1
S7	Denmark	3	126	15/03/2016	31/03/16	16	1	1	1	1	1	1	1	0	1	1
S7	Denmark	1	109	15/03/2016	7/04/16	23	3	1	3	2	2	3	2	2	2	2
S7	Antas 	1	110	15/03/2016	7/04/16	23	3	2	2	1	2	2	2	3	2	2
S7	Woogenellup	1	111	15/03/2016	7/04/16	23	3	2	3	0	3	3	2	2	2	2
S7	Leura	1	112	15/03/2016	7/04/16	23	1	2	1	2	1	1	2	1	2	2
S7	Narrikup	1	113	15/03/2016	7/04/16	23	2	2	1	0	2	2	1	2	2	1
S7	Monti	1	114	15/03/2016	7/04/16	23	2	2	3	2	1	2	2	1	1	0
S7	Woogenellup	2	115	15/03/2016	7/04/16	23	1	1	2	2	2	1	3	2	2	2
S7	Leura	2	116	15/03/2016	7/04/16	23	1	1	1	1	2	2	1	1	1	2
S7	Narrikup	2	117	15/03/2016	7/04/16	23	2	2	2	3	2	2	2	2	2	2
S7	Antas 	2	118	15/03/2016	7/04/16	23	2	2	2	2	1	2	2	2	1	2
S7	Denmark	2	119	15/03/2016	7/04/16	23	3	2	2	0	2	2	2	2	1	2
S7	Monti	2	120	15/03/2016	7/04/16	23	2	2	2	2	2	3	2	2	2	2
S7	Leura	3	121	15/03/2016	7/04/16	23	2	2	2	1	2	2	2	2	1	1
S7	Woogenellup	3	122	15/03/2016	7/04/16	23	2	2	2	2	2	2	2	2	2	2
S7	Antas 	3	123	15/03/2016	7/04/16	23	2	2	2	2	1	1	2	2	2	2
S7	Monti	3	124	15/03/2016	7/04/16	23	2	2	2	2	2	2	2	2	2	2
S7	Narrikup	3	125	15/03/2016	7/04/16	23	2	2	2	1	2	2	2	2	2	2
S7	Denmark	3	126	15/03/2016	7/04/16	23	1	2	2	2	2	3	3	2	3	3
S7	Denmark	1	109	15/03/2016	14/04/16	30	5	6	5	5	4	2	5	4	4	4
S7	Antas 	1	110	15/03/2016	14/04/16	30	3	3	3	3	4	3	3	2	3	2
S7	Woogenellup	1	111	15/03/2016	14/04/16	30	4	3	3	3	4	3	4	2	3	2
S7	Leura	1	112	15/03/2016	14/04/16	30	2	3	1	2	3	3	3	2	2	3
S7	Narrikup	1	113	15/03/2016	14/04/16	30	3	3	2	4	3	2	3	3	3	3
S7	Monti	1	114	15/03/2016	14/04/16	30	2	4	2	3	3	3	3	3	4	2
S7	Woogenellup	2	115	15/03/2016	14/04/16	30	3	2	2	2	3	3	3	2	4	3
S7	Leura	2	116	15/03/2016	14/04/16	30	3	2	2	2	2	3	3	3	2	1
S7	Narrikup	2	117	15/03/2016	14/04/16	30	4	3	4	3	3	3	4	3	2	3
S7	Antas 	2	118	15/03/2016	14/04/16	30	3	3	3	3	2	2	2	1	2	3
S7	Denmark	2	119	15/03/2016	14/04/16	30	3	2	3	3	3	3	3	3	3	3
S7	Monti	2	120	15/03/2016	14/04/16	30	3	2	3	4	2	3	1	3	2	3
S7	Leura	3	121	15/03/2016	14/04/16	30	3	3	2	2	3	2	3	3	3	3
S7	Woogenellup	3	122	15/03/2016	14/04/16	30	3	2	2	3	3	3	3	3	3	3
S7	Antas 	3	123	15/03/2016	14/04/16	30	3	3	2	3	3	3	2	2	3	3
S7	Monti	3	124	15/03/2016	14/04/16	30	3	2	3	2	4	3	3	2	2	4
S7	Narrikup	3	125	15/03/2016	14/04/16	30	4	3	3	4	2	3	3	3	3	3
S7	Denmark	3	126	15/03/2016	14/04/16	30	3	3	3	3	3	4	3	2	4	4
S7	Denmark	1	109	15/03/2016	21/04/16	37	9	6	7	3	7	6	7	8	7	7
S7	Antas 	1	110	15/03/2016	21/04/16	37	4	4	4	3	2	3	4	3	3	3
S7	Woogenellup	1	111	15/03/2016	21/04/16	37	2	3	4	5	5	5	5	5	5	6
S7	Leura	1	112	15/03/2016	21/04/16	37	4	1	5	3	3	2	1	5	4	3
S7	Narrikup	1	113	15/03/2016	21/04/16	37	5	4	6	7	4	3	5	3	4	3
S7	Monti	1	114	15/03/2016	21/04/16	37	3	0	0	4	4	3	3	3	3	3
S7	Woogenellup	2	115	15/03/2016	21/04/16	37	4	5	6	4	5	3	4	2	4	4
S7	Leura	2	116	15/03/2016	21/04/16	37	5	5	4	5	3	4	4	3	3	4
S7	Narrikup	2	117	15/03/2016	21/04/16	37	3	3	4	3	4	6	2	3	4	3
S7	Antas 	2	118	15/03/2016	21/04/16	37	3	4	3	4	3	4	4	3	3	3
S7	Denmark	2	119	15/03/2016	21/04/16	37	4	3	4	4	4	1	4	2	3	3
S7	Monti	2	120	15/03/2016	21/04/16	37	2	3	2	3	3	3	3	1	3	2
S7	Leura	3	121	15/03/2016	21/04/16	37	4	7	4	3	5	3	5	5	4	4
S7	Woogenellup	3	122	15/03/2016	21/04/16	37	4	3	5	3	4	3	4	5	3	4
S7	Antas 	3	123	15/03/2016	21/04/16	37	4	3	4	4	4	4	4	3	4	4
S7	Monti	3	124	15/03/2016	21/04/16	37	4	4	4	4	3	3	4	4	4	5
S7	Narrikup	3	125	15/03/2016	21/04/16	37	4	6	4	9	9	9	8	5	4	5
S7	Denmark	3	126	15/03/2016	21/04/16	37	4	3	4	4	5	4	6	6	4	6
S7	Denmark	1	109	15/03/2016	28/04/16	44	15	6	1	7	14	6	8	8	5	6
S7	Antas 	1	110	15/03/2016	28/04/16	44	12	4	7	10	7	4	4	3	7	5
S7	Woogenellup	1	111	15/03/2016	28/04/16	44	9	6	5	8	5	5	5	6	4	5
S7	Leura	1	112	15/03/2016	28/04/16	44	8	9	4	4	6	4	5	4	7	5
S7	Narrikup	1	113	15/03/2016	28/04/16	44	4	7	10	5	5	4	5	5	7	5
S7	Monti	1	114	15/03/2016	28/04/16	44	5	4	5	7	7	5	5	5	5	4
S7	Woogenellup	2	115	15/03/2016	28/04/16	44	7	9	7	9	7	7	5	5	5	8
S7	Leura	2	116	15/03/2016	28/04/16	44	5	7	5	8	3	6	5	6	2	6
S7	Narrikup	2	117	15/03/2016	28/04/16	44	7	5	4	3	3	7	4	8	9	9
S7	Antas 	2	118	15/03/2016	28/04/16	44	6	9	5	5	6	4	4	5	4	4
S7	Denmark	2	119	15/03/2016	28/04/16	44	5	4	10	9	6	4	6	6	4	5
S7	Monti	2	120	15/03/2016	28/04/16	44	6	7	3	5	4	4	5	3	4	3
S7	Leura	3	121	15/03/2016	28/04/16	44	7	5	6	3	5	6	5	6	5	6
S7	Woogenellup	3	122	15/03/2016	28/04/16	44	8	12	8	6	6	6	6	5	6	4
S7	Antas 	3	123	15/03/2016	28/04/16	44	6	11	4	6	4	11	6	4	4	5
S7	Monti	3	124	15/03/2016	28/04/16	44	6	7	5	5	3	3	4	5	5	3
S7	Narrikup	3	125	15/03/2016	28/04/16	44	10	9	7	7	8	9	12	8	9	12
S7	Denmark	3	126	15/03/2016	28/04/16	44	10	8	8	13	9	9	6	8	10	8
S7	Denmark	1	109	15/03/2016	6/05/16	52	8	8	9	9	10	10	10	8	9	10
S7	Antas 	1	110	15/03/2016	6/05/16	52	9	9	9	9	10	10	11	8	10	10
S7	Woogenellup	1	111	15/03/2016	6/05/16	52	7	7	8	9	7	9	9	9	8	9
S7	Leura	1	112	15/03/2016	6/05/16	52	6	9	6	9	9	8	8	8	7	8
S7	Narrikup	1	113	15/03/2016	6/05/16	52	11	8	8	11	9	9	10	10	10	9
S7	Monti	1	114	15/03/2016	6/05/16	52	8	9	9	9	9	8	8	8	9	9
S7	Woogenellup	2	115	15/03/2016	6/05/16	52	12	11	8	9	8	10	10	11	9	8
S7	Leura	2	116	15/03/2016	6/05/16	52	7	8	8	7	9	9	9	8	8	8
S7	Narrikup	2	117	15/03/2016	6/05/16	52	10	10	8	8	8	9	9	9	8	9
S7	Antas 	2	118	15/03/2016	6/05/16	52	6	8	7	7	8	6	8	7	7	8
S7	Denmark	2	119	15/03/2016	6/05/16	52	8	10	10	9	9	10	8	8	9	9
S7	Monti	2	120	15/03/2016	6/05/16	52	9	9	6	6	8	7	8	8	7	8
S7	Leura	3	121	15/03/2016	6/05/16	52	8	8	9	8	8	9	9	9	8	9
S7	Woogenellup	3	122	15/03/2016	6/05/16	52	9	9	8	8	8	8	9	9	9	8
S7	Antas 	3	123	15/03/2016	6/05/16	52	7	10	10	8	8	9	9	8	8	7
S7	Monti	3	124	15/03/2016	6/05/16	52	8	5	6	8	6	6	7	7	8	8
S7	Narrikup	3	125	15/03/2016	6/05/16	52	8	6	9	9	6	7	7	8	8	7
S7	Denmark	3	126	15/03/2016	6/05/16	52	9	11	10	10	10	9	11	10	10	10
S7	Denmark	1	109	15/03/2016	19/05/16	65	10	8	9	10	13	10	9	11	10	11
S7	Antas 	1	110	15/03/2016	19/05/16	65	6	8	9	8	7	10	10	9	7	7
S7	Woogenellup	1	111	15/03/2016	19/05/16	65	14	12	10	14	13	14	14	7	13	14
S7	Leura	1	112	15/03/2016	19/05/16	65	15	11	13	14	11	11	13	8	8	12
S7	Narrikup	1	113	15/03/2016	19/05/16	65	14	12	13	10	9	13	11	13	13	9
S7	Monti	1	114	15/03/2016	19/05/16	65	11	7	12	11	8	11	9	12	12	14
S7	Woogenellup	2	115	15/03/2016	19/05/16	65	15	15	14	12	10	9	10	12	11	14
S7	Leura	2	116	15/03/2016	19/05/16	65	14	9	8	9	6	12	7	7	10	13
S7	Narrikup	2	117	15/03/2016	19/05/16	65	16	11	16	18	14	16	14	13	12	14
S7	Antas 	2	118	15/03/2016	19/05/16	65	12	9	10	7	12	10	11	16	16	9
S7	Denmark	2	119	15/03/2016	19/05/16	65	12	11	15	13	15	10	12	11	10	10
S7	Monti	2	120	15/03/2016	19/05/16	65	11	7	9	10	11	12	9	8	9	10
S7	Leura	3	121	15/03/2016	19/05/16	65	10	8	9	8	10	9	8	10	9	10
S7	Woogenellup	3	122	15/03/2016	19/05/16	65	13	12	15	12	11	11	13	11	13	10
S7	Antas 	3	123	15/03/2016	19/05/16	65	10	14	11	12	14	18	16	13	14	15
S7	Monti	3	124	15/03/2016	19/05/16	65	9	10	8	9	11	12	10	11	9	10
S7	Narrikup	3	125	15/03/2016	19/05/16	65	15	12	13	12	16	15	13	11	12	14
S7	Denmark	3	126	15/03/2016	19/05/16	65	17	11	8	14	15	13	13	14	17	14
S8	Antas 	1	127	4/05/2016	4/05/16	0	0	0	0	0	0	0	0	0	0	0
S8	Leura	1	128	4/05/2016	4/05/16	0	0	0	0	0	0	0	0	0	0	0
S8	Denmark	1	129	4/05/2016	4/05/16	0	0	0	0	0	0	0	0	0	0	0
S8	Monti	1	130	4/05/2016	4/05/16	0	0	0	0	0	0	0	0	0	0	0
S8	Narrikup	1	131	4/05/2016	4/05/16	0	0	0	0	0	0	0	0	0	0	0
S8	Woogenellup	1	132	4/05/2016	4/05/16	0	0	0	0	0	0	0	0	0	0	0
S8	Denmark	2	133	4/05/2016	4/05/16	0	0	0	0	0	0	0	0	0	0	0
S8	Woogenellup	2	134	4/05/2016	4/05/16	0	0	0	0	0	0	0	0	0	0	0
S8	Narrikup	2	135	4/05/2016	4/05/16	0	0	0	0	0	0	0	0	0	0	0
S8	Leura	2	136	4/05/2016	4/05/16	0	0	0	0	0	0	0	0	0	0	0
S8	Monti	2	137	4/05/2016	4/05/16	0	0	0	0	0	0	0	0	0	0	0
S8	Antas 	2	138	4/05/2016	4/05/16	0	0	0	0	0	0	0	0	0	0	0
S8	Leura	3	139	4/05/2016	4/05/16	0	0	0	0	0	0	0	0	0	0	0
S8	Monti	3	140	4/05/2016	4/05/16	0	0	0	0	0	0	0	0	0	0	0
S8	Woogenellup	3	141	4/05/2016	4/05/16	0	0	0	0	0	0	0	0	0	0	0
S8	Antas 	3	142	4/05/2016	4/05/16	0	0	0	0	0	0	0	0	0	0	0
S8	Denmark	3	143	4/05/2016	4/05/16	0	0	0	0	0	0	0	0	0	0	0
S8	Narrikup	3	144	4/05/2016	4/05/16	0	0	0	0	0	0	0	0	0	0	0
S8	Antas 	1	127	4/05/2016	16/05/16	12	0	0	0	0	0	0	0	0	0	0
S8	Leura	1	128	4/05/2016	16/05/16	12	0	0	0	0	0	0	0	0	0	0
S8	Denmark	1	129	4/05/2016	16/05/16	12	0	0	0	0	0	0	0	0	0	0
S8	Monti	1	130	4/05/2016	16/05/16	12	0	0	0	0	0	0	0	0	0	0
S8	Narrikup	1	131	4/05/2016	16/05/16	12	0	0	0	0	0	0	0	0	0	0
S8	Woogenellup	1	132	4/05/2016	16/05/16	12	0	0	0	0	0	0	0	0	0	0
S8	Denmark	2	133	4/05/2016	16/05/16	12	0	0	0	0	0	0	0	0	0	0
S8	Woogenellup	2	134	4/05/2016	16/05/16	12	0	0	0	0	0	0	0	0	0	0
S8	Narrikup	2	135	4/05/2016	16/05/16	12	0	0	0	0	0	0	0	0	0	0
S8	Leura	2	136	4/05/2016	16/05/16	12	0	0	0	0	0	0	0	0	0	0
S8	Monti	2	137	4/05/2016	16/05/16	12	0	0	0	0	0	0	0	0	0	0
S8	Antas 	2	138	4/05/2016	16/05/16	12	0	0	0	0	0	0	0	0	0	0
S8	Leura	3	139	4/05/2016	16/05/16	12	0	0	0	0	0	0	0	0	0	0
S8	Monti	3	140	4/05/2016	16/05/16	12	0	0	0	0	0	0	0	0	0	0
S8	Woogenellup	3	141	4/05/2016	16/05/16	12	0	0	0	0	0	0	0	0	0	0
S8	Antas 	3	142	4/05/2016	16/05/16	12	0	0	0	0	0	0	0	0	0	0
S8	Denmark	3	143	4/05/2016	16/05/16	12	0	0	0	0	0	0	0	0	0	0
S8	Narrikup	3	144	4/05/2016	16/05/16	12	0	0	0	0	0	0	0	0	0	0
S8	Antas 	1	127	4/05/2016	30/05/16	26	0	0	0	0	0	0	0	0	0	0
S8	Leura	1	128	4/05/2016	30/05/16	26	0	0	0	0	0	0	0	0	0	0
S8	Denmark	1	129	4/05/2016	30/05/16	26	0	0	0	0	0	0	0	0	0	0
S8	Monti	1	130	4/05/2016	30/05/16	26	0	0	0	0	0	0	0	0	0	0
S8	Narrikup	1	131	4/05/2016	30/05/16	26	0	0	0	0	0	0	0	0	0	0
S8	Woogenellup	1	132	4/05/2016	30/05/16	26	0	0	0	0	0	0	0	0	0	0
S8	Denmark	2	133	4/05/2016	30/05/16	26	0	0	0	0	0	0	0	0	0	0
S8	Woogenellup	2	134	4/05/2016	30/05/16	26	0	0	0	0	0	0	0	0	0	0
S8	Narrikup	2	135	4/05/2016	30/05/16	26	0	0	0	0	0	0	0	0	0	0
S8	Leura	2	136	4/05/2016	30/05/16	26	0	0	0	0	0	0	0	0	0	0
S8	Monti	2	137	4/05/2016	30/05/16	26	0	0	0	0	0	0	0	0	0	0
S8	Antas 	2	138	4/05/2016	30/05/16	26	0	0	0	0	0	0	0	0	0	0
S8	Leura	3	139	4/05/2016	30/05/16	26	0	0	0	0	0	0	0	0	0	0
S8	Monti	3	140	4/05/2016	30/05/16	26	0	0	0	0	0	0	0	0	0	0
S8	Woogenellup	3	141	4/05/2016	30/05/16	26	0	0	0	0	0	0	0	0	0	0
S8	Antas 	3	142	4/05/2016	30/05/16	26	0	0	0	0	0	0	0	0	0	0
S8	Denmark	3	143	4/05/2016	30/05/16	26	0	0	0	0	0	0	0	0	0	0
S8	Narrikup	3	144	4/05/2016	30/05/16	26	0	0	0	0	0	0	0	0	0	0
S8	Antas 	1	127	4/05/2016	4/06/16	31	0	0	1	0	0	0	0	0	0	0
S8	Leura	1	128	4/05/2016	4/06/16	31	0	0	0	0	0	0	0	1	0	0
S8	Denmark	1	129	4/05/2016	4/06/16	31	0	1	0	0	0	0	0	0	0	0
S8	Monti	1	130	4/05/2016	4/06/16	31	0	0	0	0	0	1	0	1	0	0
S8	Narrikup	1	131	4/05/2016	4/06/16	31	0	0	1	0	0	0	0	0	0	0
S8	Woogenellup	1	132	4/05/2016	4/06/16	31	0	1	0	0	0	0	0	0	0	1
S8	Denmark	2	133	4/05/2016	4/06/16	31	0	0	0	0	0	0	1	0	0	0
S8	Woogenellup	2	134	4/05/2016	4/06/16	31	1	0	0	0	0	0	0	0	1	0
S8	Narrikup	2	135	4/05/2016	4/06/16	31	0	0	0	1	0	1	0	0	0	0
S8	Leura	2	136	4/05/2016	4/06/16	31	0	1	0	0	0	0	0	0	1	0
S8	Monti	2	137	4/05/2016	4/06/16	31	1	0	0	0	0	0	0	0	0	0
S8	Antas 	2	138	4/05/2016	4/06/16	31	1	0	0	1	0	0	0	0	0	0
S8	Leura	3	139	4/05/2016	4/06/16	31	0	0	0	0	0	1	0	0	0	0
S8	Monti	3	140	4/05/2016	4/06/16	31	0	0	0	0	0	0	0	1	0	0
S8	Woogenellup	3	141	4/05/2016	4/06/16	31	0	0	0	0	0	1	0	0	0	0
S8	Antas 	3	142	4/05/2016	4/06/16	31	1	0	0	0	1	0	1	0	0	0
S8	Denmark	3	143	4/05/2016	4/06/16	31	0	0	0	0	0	0	0	0	0	0
S8	Narrikup	3	144	4/05/2016	4/06/16	31	1	0	0	0	1	0	0	0	0	0
S8	Antas 	1	127	4/05/2016	14/06/16	41	1	1	2	0	1	0	0	1	0	0
S8	Leura	1	128	4/05/2016	14/06/16	41	1	0	1	1	0	1	0	1	1	1
S8	Denmark	1	129	4/05/2016	14/06/16	41	1	1	0	1	1	0	1	1	1	0
S8	Monti	1	130	4/05/2016	14/06/16	41	1	2	2	2	2	1	1	1	1	2
S8	Narrikup	1	131	4/05/2016	14/06/16	41	1	1	2	2	1	0	1	0	1	1
S8	Woogenellup	1	132	4/05/2016	14/06/16	41	2	1	2	2	1	1	1	1	1	1
S8	Denmark	2	133	4/05/2016	14/06/16	41	2	2	2	1	0	1	2	1	2	2
S8	Woogenellup	2	134	4/05/2016	14/06/16	41	1	2	2	1	2	1	3	1	2	2
S8	Narrikup	2	135	4/05/2016	14/06/16	41	1	1	1	0	2	1	1	1	1	2
S8	Leura	2	136	4/05/2016	14/06/16	41	2	1	2	1	1	2	2	2	2	1
S8	Monti	2	137	4/05/2016	14/06/16	41	1	2	0	2	2	1	2	2	2	1
S8	Antas 	2	138	4/05/2016	14/06/16	41	2	1	2	2	3	1	2	1	2	1
S8	Leura	3	139	4/05/2016	14/06/16	41	2	1	1	0	2	1	1	1	2	2
S8	Monti	3	140	4/05/2016	14/06/16	41	1	2	2	3	2	2	0	2	2	2
S8	Woogenellup	3	141	4/05/2016	14/06/16	41	2	1	2	2	1	1	2	2	2	2
S8	Antas 	3	142	4/05/2016	14/06/16	41	1	0	2	2	1	2	2	1	2	2
S8	Denmark	3	143	4/05/2016	14/06/16	41	2	0	2	2	0	1	2	1	2	2
S8	Narrikup	3	144	4/05/2016	14/06/16	41	2	0	2	1	2	1	2	1	2	1
S8	Antas 	1	127	4/05/2016	19/06/16	46	2	2	3	2	2	1	1	2	1	1
S8	Leura	1	128	4/05/2016	19/06/16	46	2	1	2	2	2	2	1	2	2	2
S8	Denmark	1	129	4/05/2016	19/06/16	46	2	2	2	2	2	2	2	2	2	1
S8	Monti	1	130	4/05/2016	19/06/16	46	2	3	3	3	3	2	2	2	2	3
S8	Narrikup	1	131	4/05/2016	19/06/16	46	2	2	3	3	2	2	2	2	2	2
S8	Woogenellup	1	132	4/05/2016	19/06/16	46	3	2	3	3	2	2	2	2	2	2
S8	Denmark	2	133	4/05/2016	19/06/16	46	3	3	3	2	2	2	3	2	3	3
S8	Woogenellup	2	134	4/05/2016	19/06/16	46	2	3	3	2	3	2	4	2	3	3
S8	Narrikup	2	135	4/05/2016	19/06/16	46	2	2	2	2	3	2	2	2	2	3
S8	Leura	2	136	4/05/2016	19/06/16	46	3	2	3	2	2	3	3	3	3	2
S8	Monti	2	137	4/05/2016	19/06/16	46	2	3	3	3	3	2	3	3	3	2
S8	Antas 	2	138	4/05/2016	19/06/16	46	3	2	3	3	4	2	3	2	3	2
S8	Leura	3	139	4/05/2016	19/06/16	46	3	2	2	1	3	2	2	2	3	3
S8	Monti	3	140	4/05/2016	19/06/16	46	3	4	3	4	3	3	3	3	3	3
S8	Woogenellup	3	141	4/05/2016	19/06/16	46	3	2	3	3	2	2	3	3	3	3
S8	Antas 	3	142	4/05/2016	19/06/16	46	2	2	3	3	2	3	3	2	3	3
S8	Denmark	3	143	4/05/2016	19/06/16	46	3	3	3	3	3	2	3	2	3	3
S8	Narrikup	3	144	4/05/2016	19/06/16	46	3	3	3	2	3	2	3	2	3	2
S8	Antas 	1	127	4/05/2016	23/06/16	50	2	2	2	3	2	2	2	2	3	2
S8	Leura	1	128	4/05/2016	23/06/16	50	2	2	3	3	1	2	2	3	2	2
S8	Denmark	1	129	4/05/2016	23/06/16	50	2	2	2	3	3	3	2	2	2	2
S8	Monti	1	130	4/05/2016	23/06/16	50	3	3	3	3	3	3	3	3	3	3
S8	Narrikup	1	131	4/05/2016	23/06/16	50	2	3	3	3	3	2	3	3	2	3
S8	Woogenellup	1	132	4/05/2016	23/06/16	50	3	3	2	2	3	3	3	3	3	3
S8	Denmark	2	133	4/05/2016	23/06/16	50	3	3	3	3	2	3	3	3	3	3
S8	Woogenellup	2	134	4/05/2016	23/06/16	50	4	4	3	3	3	4	4	3	4	5
S8	Narrikup	2	135	4/05/2016	23/06/16	50	3	2	3	3	2	4	3	4	3	2
S8	Leura	2	136	4/05/2016	23/06/16	50	3	3	3	3	3	3	3	3	3	3
S8	Monti	2	137	4/05/2016	23/06/16	50	4	3	4	5	4	4	3	4	4	4
S8	Antas 	2	138	4/05/2016	23/06/16	50	3	3	3	3	3	3	3	3	3	5
S8	Leura	3	139	4/05/2016	23/06/16	50	4	3	3	3	3	3	3	3	3	4
S8	Monti	3	140	4/05/2016	23/06/16	50	3	4	4	4	3	3	3	4	4	3
S8	Woogenellup	3	141	4/05/2016	23/06/16	50	3	3	3	3	3	4	4	3	3	4
S8	Antas 	3	142	4/05/2016	23/06/16	50	3	4	4	4	3	4	4	3	3	3
S8	Denmark	3	143	4/05/2016	23/06/16	50	4	4	4	4	4	3	3	3	4	3
S8	Narrikup	3	144	4/05/2016	23/06/16	50	4	5	3	5	4	4	4	5	4	3
S8	Antas 	1	127	4/05/2016	26/06/16	53	3	2	2	2	2	2	3	2	2	2
S8	Leura	1	128	4/05/2016	26/06/16	53	3	2	3	3	2	2	2	2	2	2
S8	Denmark	1	129	4/05/2016	26/06/16	53	2	2	2	2	2	3	2	2	3	2
S8	Monti	1	130	4/05/2016	26/06/16	53	2	2	3	3	3	3	4	3	3	3
S8	Narrikup	1	131	4/05/2016	26/06/16	53	2	2	3	3	3	3	3	3	3	3
S8	Woogenellup	1	132	4/05/2016	26/06/16	53	3	2	3	3	2	3	2	3	3	3
S8	Denmark	2	133	4/05/2016	26/06/16	53	3	3	3	3	3	3	3	4	4	3
S8	Woogenellup	2	134	4/05/2016	26/06/16	53	3	4	4	4	3	4	4	4	4	3
S8	Narrikup	2	135	4/05/2016	26/06/16	53	3	4	2	3	4	3	4	3	4	3
S8	Leura	2	136	4/05/2016	26/06/16	53	2	3	3	3	3	3	4	4	3	4
S8	Monti	2	137	4/05/2016	26/06/16	53	4	2	3	3	5	4	4	3	3	4
S8	Antas 	2	138	4/05/2016	26/06/16	53	3	3	3	3	4	3	3	3	4	3
S8	Leura	3	139	4/05/2016	26/06/16	53	3	3	3	3	3	4	3	3	4	3
S8	Monti	3	140	4/05/2016	26/06/16	53	3	4	3	4	4	3	4	4	3	4
S8	Woogenellup	3	141	4/05/2016	26/06/16	53	3	3	3	2	3	3	2	3	4	3
S8	Antas 	3	142	4/05/2016	26/06/16	53	4	5	3	3	4	3	3	3	3	3
S8	Denmark	3	143	4/05/2016	26/06/16	53	3	3	4	4	5	3	3	3	3	3
S8	Narrikup	3	144	4/05/2016	26/06/16	53	4	4	4	3	5	5	4	3	4	3
S8	Antas 	1	127	4/05/2016	1/07/16	58	4	4	3	3	3	4	3	4	2	3
S8	Leura	1	128	4/05/2016	1/07/16	58	3	3	2	2	3	3	3	3	3	3
S8	Denmark	1	129	4/05/2016	1/07/16	58	2	2	2	2	3	2	3	2	3	2
S8	Monti	1	130	4/05/2016	1/07/16	58	3	3	3	4	3	4	4	3	3	3
S8	Narrikup	1	131	4/05/2016	1/07/16	58	4	3	4	3	3	3	5	4	4	5
S8	Woogenellup	1	132	4/05/2016	1/07/16	58	4	5	3	5	4	5	3	4	4	3
S8	Denmark	2	133	4/05/2016	1/07/16	58	4	3	6	5	4	3	4	5	4	4
S8	Woogenellup	2	134	4/05/2016	1/07/16	58	4	6	4	4	5	4	5	6	3	5
S8	Narrikup	2	135	4/05/2016	1/07/16	58	5	4	4	5	4	5	5	4	4	6
S8	Leura	2	136	4/05/2016	1/07/16	58	4	4	5	4	3	4	5	4	4	4
S8	Monti	2	137	4/05/2016	1/07/16	58	3	4	3	5	4	4	4	4	3	4
S8	Antas 	2	138	4/05/2016	1/07/16	58	6	3	5	4	3	4	5	4	5	5
S8	Leura	3	139	4/05/2016	1/07/16	58	4	5	3	4	4	5	5	4	5	5
S8	Monti	3	140	4/05/2016	1/07/16	58	4	4	3	4	3	4	4	4	4	4
S8	Woogenellup	3	141	4/05/2016	1/07/16	58	4	4	4	4	4	4	4	3	4	3
S8	Antas 	3	142	4/05/2016	1/07/16	58	5	6	4	5	4	3	5	4	5	3
S8	Denmark	3	143	4/05/2016	1/07/16	58	4	3	5	6	5	6	6	5	6	4
S8	Narrikup	3	144	4/05/2016	1/07/16	58	4	4	4	4	5	3	4	4	4	4
S8	Antas 	1	127	4/05/2016	7/07/16	64	4	4	3	4	3	4	3	4	3	4
S8	Leura	1	128	4/05/2016	7/07/16	64	4	3	5	3	4	3	3	4	4	3
S8	Denmark	1	129	4/05/2016	7/07/16	64	3	3	3	3	3	3	4	3	5	4
S8	Monti	1	130	4/05/2016	7/07/16	64	5	4	5	4	6	4	3	3	5	4
S8	Narrikup	1	131	4/05/2016	7/07/16	64	4	5	3	3	4	3	4	4	3	4
S8	Woogenellup	1	132	4/05/2016	7/07/16	64	4	3	4	5	4	5	4	5	6	4
S8	Denmark	2	133	4/05/2016	7/07/16	64	4	5	7	4	5	4	5	4	4	4
S8	Woogenellup	2	134	4/05/2016	7/07/16	64	4	5	6	4	5	6	5	4	4	4
S8	Narrikup	2	135	4/05/2016	7/07/16	64	5	6	4	4	6	4	6	5	3	4
S8	Leura	2	136	4/05/2016	7/07/16	64	5	5	4	5	6	6	5	4	5	5
S8	Monti	2	137	4/05/2016	7/07/16	64	6	5	7	4	5	6	4	5	4	6
S8	Antas 	2	138	4/05/2016	7/07/16	64	5	4	5	5	7	4	5	5	4	5
S8	Leura	3	139	4/05/2016	7/07/16	64	5	5	5	6	4	6	5	6	5	6
S8	Monti	3	140	4/05/2016	7/07/16	64	5	4	4	6	5	4	5	4	5	5
S8	Woogenellup	3	141	4/05/2016	7/07/16	64	6	5	5	4	6	5	6	7	5	4
S8	Antas 	3	142	4/05/2016	7/07/16	64	7	5	7	5	6	4	5	5	4	5
S8	Denmark	3	143	4/05/2016	7/07/16	64	6	4	4	5	6	6	5	5	7	4
S8	Narrikup	3	144	4/05/2016	7/07/16	64	8	7	8	5	7	6	6	7	6	5
S8	Antas 	1	127	4/05/2016	10/07/16	67	4	4	3	4	3	4	5	4	3	4
S8	Leura	1	128	4/05/2016	10/07/16	67	4	3	4	3	4	3	3	4	4	3
S8	Denmark	1	129	4/05/2016	10/07/16	67	3	4	3	3	3	4	4	3	5	4
S8	Monti	1	130	4/05/2016	10/07/16	67	4	5	5	4	5	4	4	3	3	4
S8	Narrikup	1	131	4/05/2016	10/07/16	67	4	5	4	4	4	4	5	4	5	4
S8	Woogenellup	1	132	4/05/2016	10/07/16	67	4	4	5	4	4	4	4	5	4	5
S8	Denmark	2	133	4/05/2016	10/07/16	67	4	4	4	5	4	4	5	6	4	4
S8	Woogenellup	2	134	4/05/2016	10/07/16	67	4	6	6	5	6	6	5	5	4	5
S8	Narrikup	2	135	4/05/2016	10/07/16	67	7	8	7	6	5	7	7	5	5	5
S8	Leura	2	136	4/05/2016	10/07/16	67	6	5	4	5	6	6	5	4	5	5
S8	Monti	2	137	4/05/2016	10/07/16	67	6	5	6	6	6	5	5	5	6	6
S8	Antas 	2	138	4/05/2016	10/07/16	67	5	4	6	5	6	5	6	5	5	5
S8	Leura	3	139	4/05/2016	10/07/16	67	5	6	5	6	4	4	5	6	5	6
S8	Monti	3	140	4/05/2016	10/07/16	67	5	7	6	7	6	5	5	6	6	5
S8	Woogenellup	3	141	4/05/2016	10/07/16	67	7	5	6	5	5	6	6	5	5	6
S8	Antas 	3	142	4/05/2016	10/07/16	67	7	4	7	6	7	7	6	7	7	7
S8	Denmark	3	143	4/05/2016	10/07/16	67	5	6	6	6	7	5	6	8	7	8
S8	Narrikup	3	144	4/05/2016	10/07/16	67	7	7	8	7	6	6	8	7	7	7
S8	Antas 	1	127	4/05/2016	15/07/16	72	4	5	6	5	5	4	3	4	4	3
S8	Leura	1	128	4/05/2016	15/07/16	72	5	3	4	5	4	3	4	3	4	5
S8	Denmark	1	129	4/05/2016	15/07/16	72	4	4	4	5	4	4	4	4	3	3
S8	Monti	1	130	4/05/2016	15/07/16	72	5	6	4	5	4	3	5	4	5	4
S8	Narrikup	1	131	4/05/2016	15/07/16	72	6	6	5	8	5	6	5	6	5	6
S8	Woogenellup	1	132	4/05/2016	15/07/16	72	5	6	6	4	5	6	4	5	5	6
S8	Denmark	2	133	4/05/2016	15/07/16	72	7	6	7	6	7	5	7	6	6	7
S8	Woogenellup	2	134	4/05/2016	15/07/16	72	7	8	5	6	5	6	7	7	7	6
S8	Narrikup	2	135	4/05/2016	15/07/16	72	6	7	8	7	7	6	7	7	7	6
S8	Leura	2	136	4/05/2016	15/07/16	72	5	7	6	5	8	7	7	8	7	6
S8	Monti	2	137	4/05/2016	15/07/16	72	7	8	7	8	6	6	7	7	8	7
S8	Antas 	2	138	4/05/2016	15/07/16	72	7	5	5	6	7	8	6	8	6	7
S8	Leura	3	139	4/05/2016	15/07/16	72	8	6	7	7	6	7	5	7	6	7
S8	Monti	3	140	4/05/2016	15/07/16	72	7	7	6	8	7	6	7	8	7	8
S8	Woogenellup	3	141	4/05/2016	15/07/16	72	7	6	7	7	8	6	7	7	7	7
S8	Antas 	3	142	4/05/2016	15/07/16	72	6	8	8	7	6	6	7	6	9	7
S8	Denmark	3	143	4/05/2016	15/07/16	72	7	8	8	7	7	8	5	5	6	8
S8	Narrikup	3	144	4/05/2016	15/07/16	72	8	8	6	8	7	7	8	8	7	8
S8	Antas 	1	127	4/05/2016	21/07/16	78	4	6	5	5	6	7	4	5	6	5
S8	Leura	1	128	4/05/2016	21/07/16	78	5	6	6	5	4	5	4	5	5	6
S8	Denmark	1	129	4/05/2016	21/07/16	78	5	6	4	5	5	6	6	5	4	5
S8	Monti	1	130	4/05/2016	21/07/16	78	6	7	7	5	7	5	5	7	8	6
S8	Narrikup	1	131	4/05/2016	21/07/16	78	8	9	7	5	7	5	5	7	6	7
S8	Woogenellup	1	132	4/05/2016	21/07/16	78	7	5	5	9	8	7	4	6	7	7
S8	Denmark	2	133	4/05/2016	21/07/16	78	8	6	7	7	8	7	7	6	7	7
S8	Woogenellup	2	134	4/05/2016	21/07/16	78	7	5	8	6	6	7	8	7	9	7
S8	Narrikup	2	135	4/05/2016	21/07/16	78	7	8	7	9	8	7	6	6	9	8
S8	Leura	2	136	4/05/2016	21/07/16	78	7	7	7	7	7	8	6	7	8	8
S8	Monti	2	137	4/05/2016	21/07/16	78	8	7	9	7	9	8	9	9	10	7
S8	Antas 	2	138	4/05/2016	21/07/16	78	8	6	9	7	9	8	6	7	5	8
S8	Leura	3	139	4/05/2016	21/07/16	78	7	7	8	9	8	6	7	7	10	8
S8	Monti	3	140	4/05/2016	21/07/16	78	10	8	7	7	7	7	9	8	9	6
S8	Woogenellup	3	141	4/05/2016	21/07/16	78	9	9	7	8	7	7	7	8	7	7
S8	Antas 	3	142	4/05/2016	21/07/16	78	7	6	8	7	10	9	8	6	7	7
S8	Denmark	3	143	4/05/2016	21/07/16	78	9	7	9	10	7	8	8	8	7	10
S8	Narrikup	3	144	4/05/2016	21/07/16	78	12	10	9	8	7	8	9	12	10	9
S8	Antas 	1	127	4/05/2016	24/07/16	81	5	6	5	4	5	5	5	6	5	6
S8	Leura	1	128	4/05/2016	24/07/16	81	4	5	5	7	4	6	6	4	5	5
S8	Denmark	1	129	4/05/2016	24/07/16	81	4	5	5	5	5	4	5	5	6	6
S8	Monti	1	130	4/05/2016	24/07/16	81	6	6	7	8	7	8	6	7	6	7
S8	Narrikup	1	131	4/05/2016	24/07/16	81	10	8	8	9	6	9	8	7	8	6
S8	Woogenellup	1	132	4/05/2016	24/07/16	81	7	6	5	8	6	7	7	7	5	7
S8	Denmark	2	133	4/05/2016	24/07/16	81	7	7	10	11	6	7	7	8	11	10
S8	Woogenellup	2	134	4/05/2016	24/07/16	81	9	12	8	7	12	10	14	11	10	8
S8	Narrikup	2	135	4/05/2016	24/07/16	81	8	9	10	8	12	12	11	9	10	10
S8	Leura	2	136	4/05/2016	24/07/16	81	10	7	8	10	11	11	10	11	10	7
S8	Monti	2	137	4/05/2016	24/07/16	81	8	12	10	10	8	9	10	11	10	8
S8	Antas 	2	138	4/05/2016	24/07/16	81	9	10	8	9	9	11	12	9	7	8
S8	Leura	3	139	4/05/2016	24/07/16	81	9	10	10	9	7	9	10	10	12	10
S8	Monti	3	140	4/05/2016	24/07/16	81	9	8	8	9	10	9	8	9	8	11
S8	Woogenellup	3	141	4/05/2016	24/07/16	81	8	9	10	9	10	11	9	10	6	8
S8	Antas 	3	142	4/05/2016	24/07/16	81	11	10	10	10	13	10	9	10	8	8
S8	Denmark	3	143	4/05/2016	24/07/16	81	12	9	10	11	10	10	11	8	8	7
S8	Narrikup	3	144	4/05/2016	24/07/16	81	10	10	11	14	11	10	9	8	10	12
S8	Antas 	1	127	4/05/2016	27/07/16	84	7	8	7	6	7	7	7	8	7	8
S8	Leura	1	128	4/05/2016	27/07/16	84	6	7	7	9	6	8	8	6	7	7
S8	Denmark	1	129	4/05/2016	27/07/16	84	6	7	7	7	7	6	7	7	8	8
S8	Monti	1	130	4/05/2016	27/07/16	84	8	8	9	10	9	10	8	9	8	9
S8	Narrikup	1	131	4/05/2016	27/07/16	84	12	10	10	11	8	11	10	9	10	8
S8	Woogenellup	1	132	4/05/2016	27/07/16	84	9	8	7	10	8	9	9	9	7	9
S8	Denmark	2	133	4/05/2016	27/07/16	84	9	9	12	13	8	9	9	10	13	12
S8	Woogenellup	2	134	4/05/2016	27/07/16	84	11	14	10	9	14	12	16	13	12	10
S8	Narrikup	2	135	4/05/2016	27/07/16	84	10	11	12	10	14	14	13	11	12	12
S8	Leura	2	136	4/05/2016	27/07/16	84	12	9	10	12	13	13	12	13	12	9
S8	Monti	2	137	4/05/2016	27/07/16	84	10	14	12	12	10	11	12	13	12	10
S8	Antas 	2	138	4/05/2016	27/07/16	84	11	12	10	11	11	13	14	11	9	10
S8	Leura	3	139	4/05/2016	27/07/16	84	11	12	12	11	9	11	12	12	14	12
S8	Monti	3	140	4/05/2016	27/07/16	84	11	10	10	11	12	11	10	11	10	13
S8	Woogenellup	3	141	4/05/2016	27/07/16	84	10	11	12	11	12	13	11	12	8	10
S8	Antas 	3	142	4/05/2016	27/07/16	84	13	12	12	12	15	12	11	12	10	10
S8	Denmark	3	143	4/05/2016	27/07/16	84	14	11	12	13	12	12	13	10	10	9
S8	Narrikup	3	144	4/05/2016	27/07/16	84	12	12	13	16	13	12	11	10	12	14
